tree
version=v4
num_class=3
num_tree_per_iteration=3
label_index=0
max_feature_idx=12
objective=multiclass num_class:3
feature_names=d1_completed_open d1_completed_high d1_completed_low d1_completed_close d1_completed_tickvol d1_completed_vol d1_completed_spread d1_partial_open d1_partial_high d1_partial_low d1_partial_close d1_partial_tickvol d1_partial_available
feature_infos=[1173.68994140625:2077.4599609375] [1182.02001953125:2144.77001953125] [1160.0699462890625:2064.3701171875] [1173.9300537109375:2077.489990234375] [15551:383955] [0:123614560] [0:31] [1173.68994140625:2077.4599609375] [1174.010009765625:2144.77001953125] [1160.0699462890625:2077.199951171875] [1161.8299560546875:2129.070068359375] [1:383387] [0:1]
tree_sizes=1707 1709 1703

Tree=0
num_leaves=15
num_cat=0
split_feature=11 1 4 12 11 7 11 11 11 11 1 3 1 11
split_gain=235.808 93.4001 53.4988 46.785 41.4895 25.1196 22.1799 17.9178 14.7268 11.5009 10.807 9.25239 9.6953 8.94147
threshold=17553.500000000004 1351.154968261719 71378.500000000015 1.0000000180025095e-35 1457.5000000000002 1760.6099853515627 21452.500000000004 108021.50000000001 739.50000000000011 10248.500000000002 1509.0949707031252 1885.7500000000002 1828.9900512695315 9243.5000000000018
decision_type=2 2 2 2 2 2 2 2 2 2 2 2 2 2
left_child=2 5 8 -3 11 -2 -5 -8 -1 10 -6 12 -4 -10
right_child=1 3 4 6 9 -7 7 -9 13 -11 -12 -13 -14 -15
leaf_value=-1.1193870006539195 -1.1016201828958965 -1.1138488797500092 -1.1102541657704761 -1.100223690137117 -1.1045139522851171 -1.1277881241908607 -1.0931495297078004 -1.0972783737300493 -1.1104863654323296 -1.1029563733531125 -1.0974315265672581 -1.1172073820301416 -1.0974939475776984 -1.1053534083666947
leaf_weight=338.62836614251137 5078.7234126031399 310.25394213199615 761.3392841219902 1462.0932977199554 658.66427209973335 93.35038486123085 15832.492216855288 3154.6578688025475 2157.6179470717907 2888.2257098853588 2952.4700257778168 360.10520666837692 184.1491624712944 1409.2914179563522
leaf_count=1044 15299 945 2320 4395 1991 289 47147 9434 6573 8709 8852 1106 556 4261
internal_value=-1.09874 -1.09608 -1.10463 -1.09458 -1.10224 -1.10209 -1.09429 -1.09384 -1.10941 -1.1006 -1.09872 -1.11037 -1.10776 -1.10846
internal_weight=37642.1 25931.6 11710.5 20759.5 7804.95 5172.07 20449.2 18987.2 3905.54 6499.36 3611.13 1305.59 945.488 3566.91
internal_count=112921 77509 35412 61921 23534 15588 60976 56581 11878 19552 10843 3982 2876 10834
is_linear=0
shrinkage=1


Tree=1
num_leaves=15
num_cat=0
split_feature=11 1 11 1 12 11 10 4 11 7 4 4 6 11
split_gain=912.392 391.136 245.255 153.824 115.563 59.9222 53.754 69.7517 53.9167 53.4907 37.5196 29.7819 21.6822 21.3498
threshold=21452.500000000004 1355.5850219726565 1083.5000000000002 1509.0949707031252 1.0000000180025095e-35 7768.5000000000009 1744.7149658203127 89006.500000000015 97523.500000000015 1760.6099853515627 74723.500000000015 42824.000000000007 17.000000000000004 1740.5000000000002
decision_type=2 2 2 2 2 2 2 2 2 2 2 2 2 2
left_child=2 9 12 5 -3 10 7 -6 -8 11 -4 -2 -1 -5
right_child=1 4 3 13 6 -7 8 -9 -10 -11 -12 -13 -14 -15
leaf_value=-1.0678092311597616 -1.0831549311121582 -1.0774378662586899 -1.0724827383711197 -1.0849488043820732 -1.1047567224784174 -1.088328082774132 -1.1082791578462121 -1.116277388776735 -1.1007101201994904 -1.0547300236205361 -1.0883914889151349 -1.0942755477895245 -1.1041009154039818 -1.095673910401092
leaf_weight=1399.3839084804058 708.35626173019409 308.59794944524765 1417.1366562843323 496.28212428092957 2013.6996773779392 2573.6333530843258 9989.9021435678005 3789.4776636660099 3080.0446088314056 95.006377547979355 503.69983473420143 4031.417453110218 42.134291172027588 7193.2902118563652
leaf_count=4288 2148 940 4329 1503 6016 7776 29767 11229 9227 294 1522 12131 126 21625
internal_value=-1.09871 -1.10457 -1.08838 -1.09068 -1.10778 -1.08334 -1.10827 -1.11228 -1.1065 -1.09187 -1.07665 -1.09261 -1.06887 -1.09498
internal_weight=37642.1 24016.5 13625.6 12184 19181.7 4494.47 18873.1 5803.18 13069.9 4834.78 1920.84 4739.77 1441.52 7689.57
internal_count=112921 71752 41169 36755 57179 13627 56239 17245 38994 14573 5851 14279 4414 23128
is_linear=0
shrinkage=1


Tree=2
num_leaves=15
num_cat=0
split_feature=1 10 4 6 8 4 6 2 2 8 4 8 4 2
split_gain=172.055 45.2917 25.6356 23.8653 43.8382 21.9459 18.4101 18.5094 13.6811 18.0207 12.7257 12.651 10.8787 10.179
threshold=1497.1850585937502 1730.2750244140627 40476.000000000007 4.5000000000000009 1858.7900390625002 132601.50000000003 14.500000000000002 1339.664978027344 1879.6450195312502 1940.4150390625002 126807.00000000001 1596.8649902343752 93343.000000000015 1644.945007324219
decision_type=2 2 2 2 2 2 2 2 2 2 2 2 2 2
left_child=2 5 -1 8 10 11 -4 -8 -3 -10 -5 12 -2 -13
right_child=1 3 6 4 -6 -7 7 -9 9 -11 -12 13 -14 -15
leaf_value=-1.1087889205705006 -1.0988692749301778 -1.0972360998127335 -1.1046634873386205 -1.0993169252865798 -1.0920081442558593 -1.0872324659067156 -1.1018676760104631 -1.0938363937505662 -1.1047599353200446 -1.098587679588428 -1.0922405014482419 -1.0859802677378847 -1.0905839247045166 -1.0935426846387473
leaf_weight=1999.0017515718937 1671.4898442029953 4951.5091359019279 4725.4052307009697 5366.7351152300835 4591.1318160891533 1524.0430803000927 3283.0060003101826 917.52058318257332 1911.2382871210575 3097.2735851407051 720.49281185865402 596.87704908847809 518.72908985614777 1767.6091346144676
leaf_count=6079 5022 14819 14279 16116 13655 4509 9912 2741 5780 9289 2144 1766 1543 5267
internal_value=-1.09838 -1.09622 -1.10367 -1.09734 -1.0957 -1.09243 -1.10252 -1.10011 -1.0991 -1.10094 -1.09848 -1.09417 -1.09691 -1.09163
internal_weight=37642.1 26717.1 10924.9 20638.4 10678.4 6078.75 8925.93 4200.53 9960.02 5008.51 6087.23 4554.71 2190.22 2364.49
internal_count=112921 79910 33011 61803 31915 18107 26932 12653 29888 15069 18260 13598 6565 7033
is_linear=0
shrinkage=1


end of trees

feature_importances:
d1_partial_tickvol=12
d1_completed_tickvol=8
d1_completed_high=6
d1_completed_low=3
d1_completed_spread=3
d1_partial_high=3
d1_partial_open=2
d1_partial_close=2
d1_partial_available=2
d1_completed_close=1

parameters:
[boosting: gbdt]
[objective: multiclass]
[metric: multi_logloss]
[tree_learner: serial]
[device_type: cpu]
[data_sample_strategy: bagging]
[data: ]
[valid: ]
[num_iterations: 1]
[learning_rate: 0.05]
[num_leaves: 15]
[num_threads: 2]
[seed: 42]
[deterministic: 0]
[force_col_wise: 0]
[force_row_wise: 0]
[histogram_pool_size: -1]
[max_depth: 5]
[min_data_in_leaf: 50]
[min_sum_hessian_in_leaf: 0.001]
[bagging_fraction: 0.8]
[pos_bagging_fraction: 1]
[neg_bagging_fraction: 1]
[bagging_freq: 1]
[bagging_seed: 400]
[bagging_by_query: 0]
[feature_fraction: 0.8]
[feature_fraction_bynode: 1]
[feature_fraction_seed: 30056]
[extra_trees: 0]
[extra_seed: 12879]
[early_stopping_round: 0]
[early_stopping_min_delta: 0]
[first_metric_only: 0]
[max_delta_step: 0]
[lambda_l1: 0.1]
[lambda_l2: 0.1]
[linear_lambda: 0]
[min_gain_to_split: 0]
[drop_rate: 0.1]
[max_drop: 50]
[skip_drop: 0.5]
[xgboost_dart_mode: 0]
[uniform_drop: 0]
[drop_seed: 17869]
[top_rate: 0.2]
[other_rate: 0.1]
[min_data_per_group: 100]
[max_cat_threshold: 32]
[cat_l2: 10]
[cat_smooth: 10]
[max_cat_to_onehot: 4]
[top_k: 20]
[monotone_constraints: ]
[monotone_constraints_method: basic]
[monotone_penalty: 0]
[feature_contri: ]
[forcedsplits_filename: ]
[refit_decay_rate: 0.9]
[cegb_tradeoff: 1]
[cegb_penalty_split: 0]
[cegb_penalty_feature_lazy: ]
[cegb_penalty_feature_coupled: ]
[path_smooth: 0]
[interaction_constraints: ]
[verbosity: -1]
[saved_feature_importance_type: 0]
[use_quantized_grad: 0]
[num_grad_quant_bins: 4]
[quant_train_renew_leaf: 0]
[stochastic_rounding: 1]
[linear_tree: 0]
[max_bin: 255]
[max_bin_by_feature: ]
[min_data_in_bin: 3]
[bin_construct_sample_cnt: 200000]
[data_random_seed: 175]
[is_enable_sparse: 1]
[enable_bundle: 1]
[use_missing: 1]
[zero_as_missing: 0]
[feature_pre_filter: 1]
[pre_partition: 0]
[two_round: 0]
[header: 0]
[label_column: ]
[weight_column: ]
[group_column: ]
[ignore_column: ]
[categorical_feature: ]
[forcedbins_filename: ]
[precise_float_parser: 0]
[parser_config_file: ]
[objective_seed: 16083]
[num_class: 3]
[is_unbalance: 0]
[scale_pos_weight: 1]
[sigmoid: 1]
[boost_from_average: 1]
[reg_sqrt: 0]
[alpha: 0.9]
[fair_c: 1]
[poisson_max_delta_step: 0.7]
[tweedie_variance_power: 1.5]
[lambdarank_truncation_level: 30]
[lambdarank_norm: 1]
[label_gain: ]
[lambdarank_position_bias_regularization: 0]
[eval_at: ]
[multi_error_top_k: 1]
[auc_mu_weights: ]
[num_machines: 1]
[local_listen_port: 12400]
[time_out: 120]
[machine_list_filename: ]
[machines: ]
[gpu_platform_id: -1]
[gpu_device_id: -1]
[gpu_device_id_list: ]
[gpu_use_dp: 0]
[num_gpu: 1]

end of parameters

pandas_categorical:[]
