tree
version=v4
num_class=3
num_tree_per_iteration=3
label_index=0
max_feature_idx=12
objective=multiclass num_class:3
feature_names=h1_completed_open h1_completed_high h1_completed_low h1_completed_close h1_completed_tickvol h1_completed_vol h1_completed_spread h1_partial_open h1_partial_high h1_partial_low h1_partial_close h1_partial_tickvol h1_partial_available
feature_infos=[1165.68994140625:2117.530029296875] [1170.550048828125:2144.77001953125] [1160.0699462890625:2090.830078125] [1165.68994140625:2117.530029296875] [30:57554] [0:10105750] [0:269] [1165.68994140625:2117.530029296875] [1167.9300537109375:2144.77001953125] [1161.5899658203125:2102.68994140625] [1161.8299560546875:2129.070068359375] [1:40188] [0:1]
tree_sizes=1705 1701 1693 1765 1759 1771 1771 1766 1762 1755 1772 1759 1771 1764 1771 1751 1766 1774 1767 1773 1764 1775 1774 1761 1787 1765 1772 1764 1763 1772 1768 1766 1775

Tree=0
num_leaves=15
num_cat=0
split_feature=4 4 4 1 4 4 2 7 4 4 11 11 3 6
split_gain=704.106 177.136 105.34 43.0637 25.5035 21.7277 15.3945 13.9202 18.2935 13.5969 10.0097 8.92503 8.7444 7.96007
threshold=2532.5000000000005 6004.5000000000009 1050.5000000000002 1408.2099609375002 3671.5000000000005 1768.5000000000002 1352.4649658203127 1683.5650024414065 9360.5000000000018 737.50000000000011 378.50000000000006 972.50000000000011 1487.7750244140627 34.500000000000007
decision_type=2 2 2 2 2 2 2 2 2 2 2 2 2 2
left_child=2 4 9 13 -2 10 11 -5 -9 -1 -4 -6 -8 -3
right_child=1 3 5 7 6 -7 12 8 -10 -11 -12 -13 -14 -15
leaf_value=-1.1219208561102401 -1.099734162867321 -1.0941599689476669 -1.1026361008389036 -1.0815537472620087 -1.0849632655871815 -1.1035989296605417 -1.0874563828038664 -1.0900461659675478 -1.0848051849360127 -1.1146245791391689 -1.1094412250454302 -1.1007518087079764 -1.0951043618833693 -1.1036010270553103
leaf_weight=1017.8836808502674 6274.4497041404247 1673.1764534711838 627.31452289223671 997.28317040205002 94.456500858068466 4334.4307462871075 393.54498824477196 4050.5484092235565 2839.4094752371311 1743.2445950508118 4020.3047420680523 1658.9083324074745 7672.8106397092342 257.07678765058517
leaf_count=3147 18845 4996 1901 2928 281 13097 1169 12004 8357 5342 12229 4998 22903 772
internal_value=-1.09862 -1.09402 -1.10877 -1.08872 -1.09724 -1.10615 -1.09565 -1.08708 -1.08789 -1.11732 -1.10852 -1.0999 -1.09473 -1.09542
internal_weight=37654.8 25911.7 11743.2 9817.49 16094.2 8982.05 9819.72 7887.24 6889.96 2761.13 4647.62 1753.36 8066.36 1930.25
internal_count=112969 77253 35716 29057 48196 27227 29351 23289 20361 8489 14130 5279 24072 5768
is_linear=0
shrinkage=1


Tree=1
num_leaves=15
num_cat=0
split_feature=4 4 4 1 4 1 4 11 4 6 2 2 2 4
split_gain=2675.88 569.299 441.679 163.18 119.859 89.7371 64.3174 54.6543 47.1841 46.8107 42.8907 42.1118 32.4611 29.5043
threshold=2907.5000000000005 6205.5000000000009 1050.5000000000002 1394.5799560546877 1768.5000000000002 1355.2800292968752 4500.5000000000009 402.50000000000006 9855.0000000000018 14.500000000000002 1720.9649658203127 1701.2950439453127 2031.8699951171877 8841.5000000000018
decision_type=2 2 2 2 2 2 2 2 2 2 2 2 2 2
left_child=2 5 7 13 -4 9 10 -1 11 -2 -7 -5 -10 -3
right_child=1 3 4 8 -6 6 -8 -9 12 -11 -12 -13 -14 -15
leaf_value=-1.0546493275649267 -1.0847980868847198 -1.0990325592367078 -1.0794086799729736 -1.1273289143349083 -1.0899495084076616 -1.1085020073697494 -1.1086917939249028 -1.0690002026104097 -1.128053790652318 -1.0989396531915669 -1.0991241417487845 -1.116041911229656 -1.1016895224829006 -1.1119606879880153
leaf_weight=1120.1855999529362 881.81396627426147 982.48427486419678 4647.619264960289 1074.3234782218933 6432.5420965850353 1580.3821412026882 5043.2327920794487 1640.942675948143 2633.286238014698 1737.2283545732498 5340.4763810634613 3615.3251206874847 122.64203283190727 802.35833123326302
leaf_count=3463 2670 2946 14130 3158 19413 4709 15024 5026 7738 5210 16016 10714 367 2385
internal_value=-1.09855 -1.10871 -1.08107 -1.11843 -1.08553 -1.10256 -1.1044 -1.06317 -1.12169 -1.09418 -1.10127 -1.11863 -1.12688 -1.10485
internal_weight=37654.8 23813.6 13841.3 9230.42 11080.2 14583.1 11964.1 2761.13 7445.58 2619.04 6920.86 4689.65 2755.93 1784.84
internal_count=112969 70937 42032 27308 33543 43629 35749 8489 21977 7880 20725 13872 8105 5331
is_linear=0
shrinkage=1


Tree=2
num_leaves=15
num_cat=0
split_feature=4 4 4 3 3 8 4 6 4 3 4 10 4 6
split_gain=655.615 133.324 98.397 47.6034 44.4047 26.7122 19.926 19.4122 18.2043 18.0448 17.802 16.1012 13.8147 12.2954
threshold=2986.5000000000005 6711.5000000000009 1272.5000000000002 1353.8399658203127 1337.3150024414065 1732.0849609375002 928.50000000000011 14.500000000000002 2059.5000000000005 1729.3599853515627 4961.5000000000009 1337.434997558594 10177.500000000002 24.500000000000004
decision_type=2 2 2 2 2 2 2 2 2 2 2 2 2 2
left_child=2 3 6 7 -3 9 13 -2 -4 -5 -7 -6 -13 -1
right_child=1 4 8 5 11 10 -8 -9 -10 -11 -12 12 -14 -15
leaf_value=-1.117616297645889 -1.1077322719282134 -1.0973698309047462 -1.1066312598986288 -1.090742614567781 -1.0374485416255452 -1.0975406421169567 -1.110206609304067 -1.0990274523575847 -1.1023643877031253 -1.0554710896271871 -1.0931408461961585 -1.088648146820919 -1.0840147945308782 -1.0893074968888012
leaf_weight=1989.0553420186043 991.23990741372108 1139.869423687458 4795.1091007590294 2404.2528800368309 16.50882276892662 6706.9418125152588 2223.5632255971432 1813.2463414371014 5236.5229022800922 36.792024612426758 3501.1674792468548 4095.831365197897 2665.9266595840454 38.815461337566376
leaf_count=6130 2999 3404 14544 7144 49 20086 6783 5435 15787 110 10427 12111 7844 116
internal_value=-1.09867 -1.09351 -1.10711 -1.09621 -1.08823 -1.09491 -1.11348 -1.10211 -1.1044 -1.09021 -1.09603 -1.0867 -1.08682 -1.11707
internal_weight=37654.8 23371.8 14283.1 15453.6 7918.14 12649.2 4251.43 2804.49 10031.6 2441.04 10208.1 6778.27 6761.76 2027.87
internal_count=112969 69609 43360 46201 23408 37767 13029 8434 30331 7254 30513 20004 19955 6246
is_linear=0
shrinkage=1


Tree=3
num_leaves=15
num_cat=0
split_feature=4 4 4 0 4 4 4 6 4 1 10 3 3 6
split_gain=651.441 159.818 79.8774 36.9297 28.5431 18.1988 15.8655 12.8715 11.7688 10.8703 13.0115 10.4575 9.74276 9.73804
threshold=2427.5000000000005 6004.5000000000009 1027.5000000000002 1391.9949951171877 3780.5000000000005 1856.5000000000002 7525.5000000000009 41.500000000000007 670.50000000000011 1341.3750000000002 1322.0050048828127 1890.1650390625002 1731.7550048828127 22.500000000000004
decision_type=2 2 2 2 2 2 2 2 2 2 2 2 2 2
left_child=2 4 7 13 12 -4 -5 8 -1 10 -6 -11 -2 -3
right_child=1 3 5 6 9 -7 -8 -9 -10 11 -12 -13 -14 -15
leaf_value=-0.023632159597060567 0.0010910261419912449 0.0043985701638485945 -0.0097456915713425366 0.0077106999551104245 0.0028679691016558154 -0.0049774384961849948 0.012372628851720704 0.021255381936763393 -0.016103361383041217 0.0050559919975306771 -0.0065665755243840525 0.0010913516186771921 -0.0025881171171263841 -0.005916321275999786
leaf_weight=723.91963908076286 3006.7736375629902 1648.71413230896 5172.8976171016693 2850.2618337869644 940.71647700667381 3273.3799936175346 5115.4828604161739 20.642535507678986 1881.755742162466 5288.6930837035179 597.22805973887444 2431.546316921711 4475.7978121340275 265.21911010146141
leaf_count=2268 9020 4911 15802 8406 2826 9917 14981 62 5826 15727 1806 7263 13470 796
internal_value=-7.56398e-05 0.00416353 -0.0102677 0.0092066 0.00118698 -0.00789841 0.0107053 -0.017885 -0.0181978 0.00304319 -0.000792674 0.00380798 -0.00110904 0.00296636
internal_weight=37693 26620.4 11072.6 9879.68 16740.8 8446.28 7965.74 2626.32 2605.68 9258.18 1537.94 7720.24 7482.57 1913.93
internal_count=113081 79206 33875 29094 50112 25719 23387 8156 8094 27622 4632 22990 22490 5707
is_linear=0
shrinkage=0.05


Tree=4
num_leaves=15
num_cat=0
split_feature=4 4 4 0 2 4 4 6 4 0 4 2 4 2
split_gain=2480.69 533.307 382.845 113.824 99.8418 101.721 98.5695 44.5604 40.0978 39.4681 32.9687 29.153 27.3661 22.3977
threshold=2881.5000000000005 6711.5000000000009 1050.5000000000002 1391.9949951171877 1352.4649658203127 4728.5000000000009 1961.5000000000002 14.500000000000002 707.50000000000011 1727.3850097656252 9360.5000000000018 2031.8699951171877 10730.000000000002 1701.2950439453127
decision_type=2 2 2 2 2 2 2 2 2 2 2 2 2 2
left_child=2 4 8 12 7 9 -4 -2 -1 -6 13 -12 -3 -5
right_child=1 3 6 10 5 -7 -8 -9 -10 -11 11 -13 -14 -15
leaf_value=0.0418942547849184 0.012143040320034186 -0.0037681884117992514 0.017093464389523996 -0.027438491255457078 -0.00923778821934651 -0.011875790401418711 0.0075919215731051863 -0.00077439661245467628 0.029094571239050772 -0.00091206471913809692 -0.028244652023822939 -0.0041172948452807591 -0.018504371112333658 -0.017670520659745385
leaf_weight=897.50406119227409 1020.5612046122551 1056.7479985058308 5707.7523222267628 770.99305489659309 1866.7507553994656 5250.8438504338264 5236.8431034982204 1928.3329827189445 1948.8921271264553 6000.644819021225 2924.774006664753 131.34752732515335 449.58628660440445 2500.7615810632706
leaf_count=2725 3071 3170 17192 2299 5588 15710 15733 5780 5878 18006 8721 395 1339 7474
internal_value=-8.93599e-05 -0.00983301 0.0167971 -0.0205291 -0.0046173 -0.00648617 0.0125477 0.00369467 0.0331336 -0.00288829 -0.02347 -0.0272095 -0.00817066 -0.0199747
internal_weight=37692.3 23901.3 13791 7834.21 16067.1 13118.2 10944.6 2948.89 2846.4 7867.4 6327.88 3056.12 1506.33 3271.75
internal_count=113081 71553 41528 23398 48155 39304 32925 8851 8603 23594 18889 9116 4509 9773
is_linear=0
shrinkage=0.05


Tree=5
num_leaves=15
num_cat=0
split_feature=4 4 4 3 3 4 11 4 11 11 9 11 0 4
split_gain=611.444 118.475 108.254 53.6623 32.5868 32.1783 24.5344 16.0021 13.2991 12.1673 12.5816 11.8444 11.0891 10.4335
threshold=3187.5000000000005 6649.5000000000009 1074.5000000000002 1353.8399658203127 1342.2199707031252 2059.5000000000005 450.50000000000006 4728.5000000000009 402.50000000000006 926.50000000000011 1808.7449951171877 1484.5000000000002 1727.3850097656252 12279.500000000002
decision_type=2 2 2 2 2 2 2 2 2 2 2 2 2 2
left_child=2 3 6 -2 13 9 -1 12 -7 10 -4 -9 -5 -3
right_child=1 4 5 7 -6 8 -8 11 -10 -11 -12 -13 -14 -15
leaf_value=-0.02112934870897374 -0.0038588063519477051 0.00083013674978222305 -0.0084829640147645099 0.0062283914068683322 0.011663763485477853 0.015500003883868022 -0.011925472400048282 0.012495518994032083 -0.0032756438397772121 -0.0059228577188232892 -0.016039253792859604 0.0053016707110514118 0.0013351048651375197 0.012369499469708816
leaf_weight=1343.7344658970833 2553.6759771406651 1049.0075463950634 2168.8570280969143 1513.3351254463196 6809.4825407862663 95.55919075012207 1580.2946375906467 656.57269832491875 6311.3502307236195 3155.9332947134972 741.95436492562294 4524.8290432691574 4946.3919229507446 241.10876056551933
leaf_count=4190 7695 3133 6617 4492 19980 284 4871 1938 19046 9605 2279 13428 14813 710
internal_value=0.000165135 0.00545766 -0.00749761 0.00270386 0.0102831 -0.0054671 -0.0161574 0.00414394 -0.00299459 -0.00807733 -0.0104112 0.00621444 0.00248232 0.00299139
internal_weight=37692.1 22294.4 15397.7 14194.8 8099.6 12473.7 2924.03 11641.1 6406.91 6066.74 2910.81 5181.4 6459.73 1290.12
internal_count=113081 66189 46892 42366 23823 37831 9061 34671 19330 18501 8896 15366 19305 3843
is_linear=0
shrinkage=0.05


Tree=6
num_leaves=15
num_cat=0
split_feature=4 4 4 0 4 6 4 6 3 4 4 1 7 11
split_gain=592.139 130.918 83.9259 41.8974 23.6973 21.5234 16.754 12.8919 12.6376 13.6731 12.0012 10.9832 11.1466 9.96041
threshold=2532.5000000000005 6004.5000000000009 1224.5000000000002 1391.9949951171877 3895.5000000000005 36.500000000000007 878.50000000000011 23.500000000000004 1661.9150390625002 8078.5000000000009 1856.5000000000002 1341.3750000000002 1292.9549560546877 402.50000000000006
decision_type=2 2 2 2 2 2 2 2 2 2 2 2 2 2
left_child=2 4 5 7 -2 6 -1 -3 -5 -10 13 12 -6 -4
right_child=1 3 10 8 11 -7 -8 -9 9 -11 -12 -13 -14 -15
leaf_value=-0.019335304388949391 -0.00060452096882137978 0.0037667702084328591 -0.0015407661738614305 0.015181376263304378 0.0042079739633782724 0.024837519598580958 -0.012709880975635869 -0.0080900735939813725 0.0069139117154176036 0.011440134144417819 -0.0043271010090830892 0.0040471141812959124 -0.0045858780454116656 -0.0092273910869266774
leaf_weight=1698.3954765200615 7470.1222040057182 1659.3705365359783 483.48834303021431 1159.227386534214 644.14362245798111 33.007979929447174 2198.8023422956467 265.70283633470535 2900.0601594150066 3957.2363720536232 3898.0769623219967 7167.7496706843376 817.17673063278198 3373.7991381883621
leaf_count=5346 22445 4938 1472 3361 1926 99 6804 801 8531 11521 11830 21306 2475 10356
internal_value=4.6631e-05 0.00424297 -0.00930427 0.0087545 0.00145666 -0.0152574 -0.0155989 0.00212733 0.0103453 0.00952678 -0.00628656 0.00324158 -0.000706143 -0.00826528
internal_weight=37726.4 26040.8 11685.6 9941.6 16099.2 3930.21 3897.2 1925.07 8016.52 6857.3 7755.36 8629.07 1461.32 3857.29
internal_count=113211 77304 35907 29152 48152 12249 12150 5739 23413 20052 23658 25707 4401 11828
is_linear=0
shrinkage=0.05


Tree=7
num_leaves=15
num_cat=0
split_feature=4 4 4 0 1 4 4 11 4 6 4 7 2 0
split_gain=2211.65 479.762 369.932 158.076 83.0482 71.2136 62.5057 52.6991 38.6139 38.2449 33.2062 32.2096 30.1504 29.0726
threshold=2958.5000000000005 6253.5000000000009 1163.5000000000002 1391.9949951171877 1355.2800292968752 1799.5000000000002 4159.5000000000009 402.50000000000006 9855.0000000000018 14.500000000000002 8964.5000000000018 1734.7449951171877 2019.914978027344 1802.4899902343752
decision_type=2 2 2 2 2 2 2 2 2 2 2 2 2 2
left_child=2 4 7 10 9 -4 13 -1 11 -2 -3 -5 -10 -6
right_child=1 3 5 8 6 -7 -8 -9 12 -11 -12 -13 -14 -15
leaf_value=0.037025144187546731 0.012413360715374328 0.00096357201627868781 0.01595885708350828 -0.026682806737216069 -0.0056823522670655553 0.0075879894399977612 -0.0089391047223026186 0.024574693664194514 -0.028010300749947675 -0.00019242951465865869 -0.012919692132563538 -0.01667349812466435 -0.0066013797769387504 0.001761607893631131
leaf_weight=1357.8505712151527 919.72137868404388 987.09497627615929 4114.0284815728664 1051.645416200161 2390.7653095424175 6655.2137564122677 6416.6056998074055 2289.1197562813759 2506.2572469711304 1737.4867937862873 763.15707847476006 3449.4443923532963 176.74396416544914 2904.2619694769382
leaf_count=4054 2755 2969 12283 3169 7179 19923 19291 6821 7583 5209 2295 10415 536 8729
internal_value=5.50539e-05 -0.00946758 0.0154483 -0.0185659 -0.00380997 0.0107864 -0.00562077 0.0292125 -0.0218488 0.00416915 -0.00508744 -0.0190137 -0.0266021 -0.00159852
internal_weight=37719.4 23303.2 14416.2 8934.34 14368.8 10769.2 11711.6 3646.97 7184.09 2657.21 1750.25 4501.09 2683 5295.03
internal_count=113211 70130 43081 26967 43163 32206 35199 10875 21703 7964 5264 13584 8119 15908
is_linear=0
shrinkage=0.05


Tree=8
num_leaves=15
num_cat=0
split_feature=4 4 4 3 1 11 4 2 3 4 0 4 11 0
split_gain=539.655 126.796 97.7299 45.2381 40.3736 28.3502 22.988 18.4434 17.7159 14.2155 15.5963 14.1826 12.3647 12.1303
threshold=2986.5000000000005 6253.5000000000009 977.50000000000011 1342.2199707031252 1349.6450195312502 427.50000000000006 2059.5000000000005 1792.3850097656252 1793.1650390625002 9855.0000000000018 1982.7149658203127 8964.5000000000018 415.50000000000006 1198.4449462890627
decision_type=2 2 2 2 2 2 2 2 2 2 2 2 2 2
left_child=2 4 5 11 13 -1 -4 8 -6 -5 -11 -3 -8 -2
right_child=1 3 6 9 7 -7 12 -9 -10 10 -12 -13 -14 -15
leaf_value=-0.023166252831854382 0.0069886375584702655 -0.0030207447263391352 -0.0079140938781512137 0.0089905014461458422 0.0048037613298563993 -0.012013955699571834 0.013423544902275887 0.0011443680908748588 0.030652521808278377 0.014870786937897798 0.0041493438248710098 0.0068594487568682753 -0.0038368498185677342 -0.005153806102262062
leaf_weight=1075.3074125051498 225.12134820222855 860.8045736849308 6693.1531785130501 4797.4872153103352 4910.3791595101357 1219.4863405823708 105.68600052595139 6774.8645980060101 67.176503092050552 2521.2648557424545 393.59548130631447 627.8460031747818 5121.4486813545227 2335.9911549985409
leaf_count=3397 674 2585 20513 14061 14565 3796 314 20222 199 7315 1152 1854 15504 7060
internal_value=-0.000101799 0.00454742 -0.00779285 0.00912693 0.00160324 -0.0172427 -0.0059731 0.00284314 0.00515423 0.0106673 0.013425 0.0011431 -0.00348666 -0.0040843
internal_weight=37729.6 23514.5 14215.1 9201 14313.5 2294.79 11920.3 11752.4 4977.56 7712.35 2914.86 1488.65 5227.13 2561.11
internal_count=113211 69687 43524 26967 42720 7193 36331 34986 14764 22528 8467 4439 15818 7734
is_linear=0
shrinkage=0.05


Tree=9
num_leaves=15
num_cat=0
split_feature=4 4 4 0 4 4 3 0 0 4 6 1 3 6
split_gain=546.37 136.209 59.8789 27.661 21.0337 17.456 14.737 17.2151 12.4215 10.9295 8.97498 8.60518 9.44877 8.39051
threshold=2427.5000000000005 6107.5000000000009 977.50000000000011 1391.9949951171877 3780.5000000000005 1768.5000000000002 1714.8350219726565 1714.7650146484377 1714.7650146484377 10518.500000000002 41.500000000000007 1341.3750000000002 1323.6750488281252 24.500000000000004
decision_type=2 2 2 2 2 2 2 2 2 2 2 2 2 2
left_child=2 4 10 9 -2 13 7 -5 -8 -3 -1 12 -6 -4
right_child=1 3 5 6 11 -7 8 -9 -10 -11 -12 -13 -14 -15
leaf_value=-0.017092035964154591 -0.0010368516203783894 0.00065228127677144083 -0.0098607749653768489 0.01298940008508484 0.00083856660847663139 -0.0051178758577392538 -0.022571887717428338 0.045772405189747956 0.0087004133725645093 0.0093201891723838082 0.018660841091827612 0.0031745940165274922 -0.0096143641955242897 0.010766762749617258
leaf_weight=2268.0043570101261 7456.5958981812 1383.01121327281 4922.3500753939152 1693.4296148121357 1344.523384898901 3710.10761064291 31.741740524768829 41.068175256252289 6008.8053303658962 494.05065649747849 17.478762149810791 7985.425471663475 257.4028408229351 49.488071352243423
leaf_count=7187 22439 4129 15219 4887 4040 11303 93 118 17500 1455 52 23695 784 149
internal_value=-0.000217444 0.00364238 -0.00961312 0.00838837 0.000954359 -0.00771634 0.00970381 0.0137711 0.00853489 0.00293675 -0.0168156 0.00250355 -0.000838419 -0.00965424
internal_weight=37663.5 26696.1 10967.4 9652.11 17043.9 8681.95 7775.04 1734.5 6040.55 1877.06 2285.48 9587.35 1601.93 4971.84
internal_count=113050 79140 33910 28182 50958 26671 22598 5005 17593 5584 7239 28519 4824 15368
is_linear=0
shrinkage=0.05


Tree=10
num_leaves=15
num_cat=0
split_feature=4 4 4 0 4 0 4 4 11 2 2 4 2 11
split_gain=2015.23 441.241 288.863 126.477 93.9878 55.9849 51.2268 48.0869 37.9687 30.8505 30.03 29.1292 24.646 20.8604
threshold=2958.5000000000005 5952.0000000000009 977.50000000000011 1391.9949951171877 1961.5000000000002 1353.7399902343752 7982.5000000000009 4593.5000000000009 427.50000000000006 1725.3150024414065 2031.8699951171877 8964.5000000000018 1290.7049560546877 402.50000000000006
decision_type=2 2 2 2 2 2 2 2 2 2 2 2 2 2
left_child=2 5 8 11 -4 12 -5 9 -1 -7 -8 -3 -2 -6
right_child=1 3 4 6 13 7 10 -9 -10 -11 -12 -13 -14 -15
leaf_value=0.03697188673852355 -0.00078492479107910489 -0.00081137577248032843 0.015788070972468728 -0.015453131471109216 -0.015027432968040537 -0.0081999834192377843 -0.024422810710011591 -0.0090755170958371142 0.02450482967935104 -0.00038140529376317635 -0.0012914030519280808 -0.013385781067878822 0.0092695610975221075 0.0073325581365263764
leaf_weight=1156.7773053944111 1394.9807655513287 1178.2762862741947 6264.2112905979156 3425.5491523444653 106.0534930229187 1649.0441552400589 4180.862738519907 4020.070549339056 1304.9884335398674 5376.5251824855804 145.66815537214279 757.01465892791748 1081.1738561689854 5602.390262812376
leaf_count=3400 4174 3535 18567 10430 313 4976 12810 12150 3839 16166 444 2289 3232 16725
internal_value=9.70156e-05 -0.00902625 0.0147667 -0.0171713 0.0115585 -0.00319044 -0.0200261 -0.00471392 0.0303664 -0.00221739 -0.0236452 -0.00573304 0.00360339 0.00691601
internal_weight=37643.6 23209.2 14434.4 9687.37 11972.7 13521.8 7752.08 11045.6 2461.77 7025.57 4326.53 1935.29 2476.15 5708.44
internal_count=113050 70206 42844 29508 35605 40698 23684 33292 7239 21142 13254 5824 7406 17038
is_linear=0
shrinkage=0.05


Tree=11
num_leaves=15
num_cat=0
split_feature=4 4 4 3 4 11 6 6 4 3 11 11 2 6
split_gain=500.385 109.28 76.4248 44.6988 34.1273 22.9709 21.5617 18.7862 15.5589 14.9454 11.9104 11.7369 11.493 8.9933
threshold=2907.5000000000005 7791.0000000000009 977.50000000000011 1353.8399658203127 4728.5000000000009 474.50000000000006 14.500000000000002 8.5000000000000018 2140.5000000000005 1342.2199707031252 756.50000000000011 415.50000000000006 2031.8699951171877 35.500000000000007
decision_type=2 2 2 2 2 2 2 2 2 2 2 2 2 2
left_child=2 3 5 6 7 -1 -2 -5 10 -3 -4 -10 -11 -12
right_child=1 9 8 4 -6 -7 -8 -9 11 12 13 -13 -14 -15
leaf_value=-0.020644346028375019 -0.0078776965870745053 0.0044838171019067298 -0.0099298037358394806 0.000218151052975521 0.0062457978536503847 -0.010601227367081481 0.00043937427285379611 0.006392444506787465 0.01566484718314046 0.011844274884540686 -0.0058309216431931916 -0.0038290531012331493 -0.0021289112981656478 0.030127774379936679
leaf_weight=1198.7246094048023 1258.3031838834286 921.2119477391243 2666.117756485939 6270.0707722306252 6978.1698133349419 1090.8559175431728 2043.8784937858582 1533.726977199316 78.462911188602448 4867.4920363724232 4371.45470520854 4217.0412542521954 151.09395796060562 17.315692663192749
leaf_count=3827 3840 2723 8234 18753 20531 3412 6139 4545 233 14097 13415 12800 449 52
internal_value=0.000120345 0.00446301 -0.00752796 0.00252996 0.003705 -0.0158622 -0.00272849 0.00143233 -0.00584622 0.0103474 -0.00729137 -0.00347145 0.0114226 -0.00568723
internal_weight=37663.9 24023.9 13640 18084.1 14782 2289.58 3302.18 7803.8 11350.4 5939.8 7054.89 4295.5 5018.59 4388.77
internal_count=113050 71077 41973 53808 43829 7239 9979 23298 34734 17269 21701 13033 14546 13467
is_linear=0
shrinkage=0.05


Tree=12
num_leaves=15
num_cat=0
split_feature=4 4 4 4 0 0 4 3 3 6 11 4 11 3
split_gain=460.509 111.535 58.7168 29.1707 23.9948 19.7943 14.3776 14.1357 10.4402 9.3132 9.09801 8.74583 8.46351 8.45174
threshold=2400.5000000000005 7365.5000000000009 1002.5000000000001 4043.5000000000005 1345.1149902343752 1405.8499755859377 1768.5000000000002 1815.5000000000002 1244.6600341796877 41.500000000000007 2008.5000000000002 670.50000000000011 353.50000000000006 1200.9899902343752
decision_type=2 2 2 2 2 2 2 2 2 2 2 2 2 2
left_child=2 3 9 10 8 -3 12 -6 -5 11 -2 -1 -4 -13
right_child=1 5 6 4 7 -7 -8 -9 -10 -11 -12 13 -14 -15
leaf_value=-0.020768591858451049 -0.001498026864378073 0.0033661197555659309 -0.0029166131429848247 0.003162332064033286 0.0062814198446802727 0.010312712920333089 -0.0044583921988076095 0.002357247130524107 -0.0043985690487909511 0.021110928839558812 0.002217409840498273 0.00076692622835075955 -0.0094281704345970142 -0.014898302214447863
leaf_weight=689.095105946064 6772.4757494926453 1268.667879909277 568.53317418694496 704.88888105750084 4584.5237613320351 5404.1296692788601 3556.4475311636925 4606.5462264716625 1293.1765944361687 16.828733295202255 2176.5293645560741 90.316009014844894 4229.2497810721397 1610.2696377038956
leaf_count=2232 20392 3757 1756 2103 13478 15594 10860 13613 3910 50 6526 284 13141 5124
internal_value=-0.000116492 0.00339028 -0.0088542 0.00153359 0.0032355 0.00899281 -0.00687069 0.00431522 -0.00172866 -0.0157374 -0.000593805 -0.0159998 -0.00865768 -0.0140634
internal_weight=37571.7 26810.9 10760.7 20138.1 11189.1 6672.8 8354.23 9191.07 1998.07 2406.51 8949.01 2389.68 4797.78 1700.59
internal_count=112820 79373 33447 60022 33104 19351 25757 27091 6013 7690 26918 7640 14897 5408
is_linear=0
shrinkage=0.05


Tree=13
num_leaves=15
num_cat=0
split_feature=4 4 4 0 1 4 4 6 9 11 4 2 1 4
split_gain=1779.55 383.382 267.081 107.488 86.9695 80.7579 75.7118 46.5353 36.2023 33.6891 26.1369 27.1975 25.0428 22.4705
threshold=2958.5000000000005 6711.5000000000009 977.50000000000011 1391.9949951171877 1355.2800292968752 4500.5000000000009 1768.5000000000002 14.500000000000002 1716.5650024414065 402.50000000000006 9855.0000000000018 1766.4150390625002 1727.9299926757815 8964.5000000000018
decision_type=2 2 2 2 2 2 2 2 2 2 2 2 2 2
left_child=2 4 9 13 7 8 -4 -2 -6 -1 11 -5 -7 -3
right_child=1 3 6 10 5 12 -8 -9 -10 -11 -12 -13 -14 -15
leaf_value=0.03535743782049109 0.012260656233417822 0.00059500655279408473 0.015253946572382158 -0.023577549235616672 -0.010442052397648421 -0.015676596642845961 0.0072614923024547683 -0.00095560032554331477 -0.00040096713391630845 0.023587907634463473 -0.024510184411142329 -0.014431393850915587 -0.0081824225755342036 -0.011739070354976382
leaf_weight=1084.3070159256458 1037.8513381779194 726.10106927156448 5228.9633436203003 1306.3937272727489 1071.6139968931675 1492.328812867403 6847.5095229744911 1857.1668811142445 5535.1905165016651 1397.8061429560184 2603.3524238169193 2168.6897616684437 4435.8322465419769 749.73746791481972
leaf_count=3145 3090 2187 15372 4037 3241 4535 20351 5561 16659 4070 8104 6688 13495 2285
internal_value=0.000115793 -0.00854782 0.0137937 -0.017777 -0.00402895 -0.0058331 0.0107226 0.0037809 -0.00203051 0.0287326 -0.0207161 -0.0178717 -0.01007 -0.00566778
internal_weight=37542.8 22984.3 14558.6 7554.27 15430 12535 12076.5 2895.02 6606.8 2482.11 6078.44 3475.08 5928.16 1475.84
internal_count=112820 69882 42938 23301 46581 37930 35723 8651 19900 7215 18829 10725 18030 4472
is_linear=0
shrinkage=0.05


Tree=14
num_leaves=15
num_cat=0
split_feature=4 4 4 3 1 10 6 4 10 4 4 6 6 4
split_gain=456.281 103.89 74.0597 41.4835 20.4941 20.4652 16.0989 14.1264 11.104 10.6836 10.2884 10.2657 8.35713 7.43198
threshold=2881.5000000000005 5487.5000000000009 977.50000000000011 1342.2199707031252 1355.2800292968752 1726.3050537109377 14.500000000000002 2088.5000000000005 1785.8449707031252 8964.5000000000018 9516.0000000000018 4.5000000000000009 25.500000000000004 5321.5000000000009
decision_type=2 2 2 2 2 2 2 2 2 2 2 2 2 2
left_child=2 4 12 9 6 -6 -2 8 -4 -3 -5 -7 -1 -8
right_child=1 3 7 10 5 11 13 -9 -10 -11 -12 -13 -14 -15
leaf_value=-0.016029911282287659 -0.0098692876869935081 -0.0018525690492643275 -0.0059876090799762943 0.0077010951314616704 0.0066859771159697816 -0.0022148749816812119 -0.0012959951981966053 -0.0035240989875335096 -0.010694970511797394 0.0061241063429975512 0.011170996209164423 0.0018478709819958969 0.0077039085847810862 0.016621465304957211
leaf_weight=2223.2250756621361 669.35334914922714 1276.7547936141491 5061.9411113262177 6505.8154783546925 1835.2404788732529 2053.449548214674 1513.1725252866745 4454.7095779776573 1670.762226998806 624.99410676956177 3198.3113619685173 6393.7261435985565 37.377538949251175 60.056096345186234
leaf_count=7099 2063 3852 15619 19000 5397 6141 4551 13547 5177 1834 9194 19050 116 180
internal_value=6.54521e-07 0.00411376 -0.00737944 0.00752197 0.000955227 0.00190008 -0.00337468 -0.0057107 -0.00715665 0.000766455 0.00884533 0.000859639 -0.015635 -0.000607827
internal_weight=37578.9 24130.9 13448 11605.9 12525 10282.4 2242.58 11187.4 6732.7 1901.75 9704.13 8447.18 2260.6 1573.23
internal_count=112820 71262 41558 33880 37382 30588 6794 34343 20796 5686 28194 25191 7215 4731
is_linear=0
shrinkage=0.05


Tree=15
num_leaves=15
num_cat=0
split_feature=4 4 4 4 0 4 6 5 11 4 2 11 4 6
split_gain=449.209 101.11 57.1266 18.9826 17.0147 16.4988 15.2845 14.8331 9.19408 9.47007 7.72 7.34571 6.70064 6.2838
threshold=2400.5000000000005 6473.5000000000009 977.50000000000011 3671.5000000000005 1405.8499755859377 1856.5000000000002 41.500000000000007 1688955.0000000002 1140.5000000000002 8841.5000000000018 1871.590026855469 961.50000000000011 14205.000000000002 19.500000000000004
decision_type=2 2 2 2 2 2 2 2 2 2 2 2 2 2
left_child=2 3 6 -2 12 10 -1 11 -6 -10 13 -5 -3 -4
right_child=1 4 5 7 8 -7 -8 -9 9 -11 -12 -13 -14 -15
leaf_value=-0.015859633175428371 -0.00044695834224714817 0.0025864446788981714 -0.0065920756884540362 0.0097148903875277082 0.04063353712002718 -0.0036074313652171563 0.03106846886541369 -0.01306258765667947 0.0072019618457831204 0.010902697685777913 -0.01257594543504313 0.002825700586954286 0.013427938849823816 -0.011865793266817694
leaf_weight=2225.2294219732285 6990.0390478372574 1507.9759757518768 3861.7175342142582 402.01703295111656 23.254248321056366 3098.4451537132263 17.326946645975113 144.03140392899513 3316.1609074175358 3642.871393352747 849.01274076104164 10737.996039956808 157.68400463461876 665.42020902037621
leaf_count=7194 21062 4478 12027 1187 66 9469 51 438 9601 10440 2654 31835 460 2078
internal_value=0.0002617 0.00370818 -0.00839553 0.00159991 0.00816254 -0.00651652 -0.0154934 0.00286831 0.00924623 0.00914005 -0.00819209 0.00307485 0.00361653 -0.00736858
internal_weight=37639.2 26922 10717.2 18274.1 8647.95 8474.6 2242.56 11284 6982.29 6959.03 5376.15 11140 1665.66 4527.14
internal_count=113040 79567 33473 54522 25045 26228 7245 33460 20107 20041 16759 33022 4938 14105
is_linear=0
shrinkage=0.05


Tree=16
num_leaves=15
num_cat=0
split_feature=4 4 4 0 4 3 6 4 11 8 2 2 4 11
split_gain=1582.07 433.394 196.551 97.9502 79.4851 75.7014 37.1493 33.4911 32.8558 29.205 25.2317 24.6849 28.8063 22.0577
threshold=2476.5000000000005 6711.5000000000009 977.50000000000011 1391.9949951171877 4218.5000000000009 1348.3050537109377 25.500000000000004 1768.5000000000002 402.50000000000006 1732.0849609375002 1289.2349853515627 1729.2100219726565 9855.0000000000018 623.50000000000011
decision_type=2 2 2 2 2 2 2 2 2 2 2 2 2 2
left_child=2 4 6 -3 13 10 8 -4 -1 -7 -6 -5 -13 -2
right_child=1 3 7 11 5 9 -8 -9 -10 -11 -12 12 -14 -15
leaf_value=0.034725781419275875 -0.012963045534731911 -0.0058313090590515048 0.014212293987283556 -0.025627228763762111 -0.0032065695047115111 -0.015165208920297114 -0.017392448856392521 0.0081919036256270956 0.023069444233661189 -0.0070799657978145476 0.0090709294811119039 -0.014518040223644611 -0.022598021837725649 0.00064766425995061816
leaf_weight=1072.5404325425625 307.60851228237152 1495.184952378273 5272.3445548713207 1532.2925071418285 807.2877990603447 1390.2566790282726 45.443757593631744 4122.584667801857 1399.2201157808304 5715.8005722463131 867.77668392658234 2393.0835961997509 2057.5529144704342 9116.1802031695843
leaf_count=3079 909 4542 15398 4814 2411 4252 128 12193 4038 17433 2579 7443 6496 27325
internal_value=-0.000163698 -0.00714917 0.0148968 -0.0172834 -0.00298596 -0.00640855 0.0273061 0.0115711 0.0281306 -0.00866269 0.00315104 -0.0201443 -0.018255 0.000202724
internal_weight=37595.2 25683 11912.1 7478.11 18204.9 8781.12 2517.2 9394.93 2471.76 7106.06 1675.06 5982.93 4450.64 9423.79
internal_count=113040 78204 34836 23295 54909 26675 7245 27591 7117 21685 4990 18753 13939 28234
is_linear=0
shrinkage=0.05


Tree=17
num_leaves=15
num_cat=0
split_feature=11 3 11 11 0 6 8 11 3 9 6 10 3 5
split_gain=200.192 91.6205 70.1939 33.4178 15.7828 22.9635 14.3434 15.0366 13.0224 8.95732 7.19909 8.82102 7.18896 5.97101
threshold=778.50000000000011 1348.3050537109377 3622.5000000000005 427.50000000000006 1731.6799926757815 5.5000000000000009 1199.2149658203127 6423.5000000000009 1591.3049926757815 1709.5350341796877 18.500000000000004 1905.5949707031252 1717.164978027344 2306670.5000000005
decision_type=2 2 2 2 2 2 2 2 2 2 2 2 2 2
left_child=3 6 4 -1 8 -6 -2 13 -3 -4 11 -5 -11 -8
right_child=1 2 9 10 5 -7 7 -9 -10 12 -12 -13 -14 -15
leaf_value=-0.013615557264889869 0.0074419380941116754 0.0016440775308798788 0.012410583034261458 -0.0035121540300319556 0.001681553220870189 -0.0031971388635257184 -0.0051779585982286722 0.0073379392537019153 0.0064156220000131728 -0.010785823344928653 -0.010875054111391395 -0.010930064422418864 0.0074212258443243258 0.001580624144551433
leaf_weight=2174.3101969957352 271.64039018750191 3228.0700737535954 1042.313278824091 2462.0949542224407 11803.762643009424 3030.8440266549587 5731.1135029792786 266.25312682986259 2572.3879613876343 54.734895884990692 569.63449755311012 479.86918613314629 3615.5116004645824 345.33351168036461
leaf_count=6922 817 9648 3009 7585 35211 9085 17491 779 7575 158 1782 1487 10467 1024
internal_value=-9.8037e-05 0.00143966 0.00280726 -0.00874258 0.00154954 0.000684441 -0.00380051 -0.00428289 0.0037611 0.00831331 -0.00572361 -0.00472413 0.00714805 -0.00479302
internal_weight=37647.9 31962 25347.6 5685.91 20635.1 14834.6 6614.34 6342.7 5800.46 4712.56 3511.6 2941.96 3670.25 6076.45
internal_count=113040 95264 75153 17776 61519 44296 20111 19294 17223 13634 10854 9072 10625 18515
is_linear=0
shrinkage=0.05


Tree=18
num_leaves=15
num_cat=0
split_feature=4 4 4 1 4 4 6 1 4 11 3 6 10 3
split_gain=385.888 92.855 50.147 25.623 16.748 16.1941 11.0575 10.3553 9.24669 9.02969 8.73948 8.49489 7.97322 7.42399
threshold=2427.5000000000005 5952.0000000000009 1224.5000000000002 1408.2099609375002 737.50000000000011 3671.5000000000005 36.500000000000007 1341.3750000000002 1856.5000000000002 1484.5000000000002 1884.1300048828127 35.500000000000007 1316.9649658203127 1319.9849853515627
decision_type=2 2 2 2 2 2 2 2 2 2 2 2 2 2
left_child=2 5 4 11 -1 -2 -6 13 -4 -5 -9 -3 -13 -7
right_child=1 3 8 9 6 7 -8 10 -10 -11 -12 12 -14 -15
leaf_value=-0.01834129350576626 -0.0010095805949858763 0.0030892941104533386 -0.0072125865284779619 0.018592099583326787 -0.010989870690865156 0.00015535333247039087 0.024037091123064045 0.004023594265596943 -0.0035672822657880814 0.0078701269455243826 0.00052092469509090473 -0.030637957152399104 -0.0033757086004753039 -0.0084469994940495324
leaf_weight=967.24916204810143 6856.3535516560078 1716.9096109569073 3750.4302751421928 201.97784984111786 2811.1237887442112 1304.1963170170784 22.53435543179512 5494.9184857308865 3259.7881979048252 8050.4521390199661 2639.9245448410511 30.284157991409302 235.4500926733017 310.11496412754059
leaf_count=3195 20665 5080 11721 579 8975 3912 67 16210 9987 23133 7835 91 710 950
internal_value=-5.13663e-05 0.00316103 -0.00802715 0.00690699 -0.0126528 0.000851825 -0.0107087 0.00216142 -0.00551829 0.00813337 0.00288754 0.00179967 -0.00651179 -0.00149451
internal_weight=37651.7 26840.6 10811.1 10235.1 3800.91 16605.5 2833.66 9749.15 7010.22 8252.43 8134.84 1982.64 265.734 1614.31
internal_count=113110 79165 33945 29593 12237 49572 9042 28907 21708 23712 24045 5881 801 4862
is_linear=0
shrinkage=0.05


Tree=19
num_leaves=15
num_cat=0
split_feature=11 11 1 11 0 1 11 2 11 6 1 11 6 2
split_gain=674.536 329.147 115.515 103.476 51.2306 46.5882 45.2777 36.6528 29.9089 22.5303 22.1647 15.0428 14.5807 14.0977
threshold=1807.5000000000002 722.50000000000011 1355.2800292968752 3836.5000000000005 1391.9949951171877 1355.2800292968752 427.50000000000006 1720.9649658203127 1114.5000000000002 18.500000000000004 1235.8349609375002 2625.5000000000005 33.500000000000007 1905.6049804687502
decision_type=2 2 2 2 2 2 2 2 2 2 2 2 2 2
left_child=1 6 10 5 -5 -2 12 -7 -4 -10 -3 -9 -1 -8
right_child=3 2 8 4 -6 7 13 11 9 -11 -12 -13 -14 -15
leaf_value=0.021021801208339574 0.0018448582025876173 0.0029758174993702586 0.0039677225775488099 -0.0047982541380152382 -0.017674804471350041 -0.014255305986432454 0.010220013859911649 -0.0030281622136774586 -0.0021168500634919912 0.010705358844434595 0.010717055567075298 -0.0084504178497503048 -0.021038423020989558 0.020096287436442723
leaf_weight=2391.3494961857796 1582.0530965328217 1286.369998306036 2901.3444682359695 968.21031591296196 3844.5220667719841 1615.7048064768314 2716.636080801487 2684.3947902023792 11036.137230753899 353.3623993396759 3307.3011038303375 2450.5755491554737 20.589868664741516 418.41473323106766
leaf_count=6877 4731 3788 8612 2936 12113 4974 7922 8158 33374 1045 9771 7518 58 1233
internal_value=-0.000115004 0.00479874 0.00165309 -0.00924779 -0.0150855 -0.00587535 0.0155069 -0.00768536 -0.000563713 -0.00171851 0.00855047 -0.00561693 0.0206598 0.0115403
internal_weight=37577 24431.5 18884.5 13145.5 4812.73 8332.73 5546.99 6750.68 14290.8 11389.5 4593.67 5134.97 2411.94 3135.05
internal_count=113110 72680 56590 40430 15049 25381 16090 20650 43031 34419 13559 15676 6935 9155
is_linear=0
shrinkage=0.05


Tree=20
num_leaves=15
num_cat=0
split_feature=11 11 1 11 8 3 6 3 2 3 11 11 7 7
split_gain=179.961 84.9435 51.1893 22.2295 17.8474 22.944 14.7595 13.9015 11.0921 13.2809 8.15291 7.43463 7.8433 7.33122
threshold=756.50000000000011 3836.5000000000005 1355.2800292968752 427.50000000000006 1732.0849609375002 1729.3599853515627 5.5000000000000009 1342.2199707031252 1194.6300048828127 1195.7349853515627 5209.5000000000009 6961.5000000000009 1290.4649658203127 1711.6149902343752
decision_type=2 2 2 2 2 2 2 2 2 2 2 2 2 2
left_child=3 2 8 -1 5 -4 -6 11 9 -2 -9 12 -3 -12
right_child=1 7 4 -5 6 -7 -8 10 -10 -11 13 -13 -14 -15
leaf_value=-0.012181702892598581 0.0028767926254005382 0.0069930607229616616 0.0042180780642226638 -0.0056469915607638083 0.0018103062164591612 0.036001461542370126 -0.0014847043562924334 0.0062154881778857781 -0.0041808231891044675 0.046475379069371513 0.015854359672518359 0.010071332955784074 -0.0049106833638997418 0.0090853975441356448
leaf_weight=2159.0677580833435 294.68115618824959 203.05717423558235 3772.4786922335625 3289.1403792202473 12658.856240808964 57.599595665931702 4644.21721342206 2002.8260849714279 5565.6556458771229 18.50170773267746 514.41799205541611 194.01072987914085 433.13045024871826 1849.8966396450996
leaf_count=6935 891 609 11143 10205 37717 168 13917 5806 17030 55 1469 566 1298 5301
internal_value=0.000166249 0.00158796 0.000461444 -0.00823772 0.00160962 0.00469829 0.000925619 0.00744168 -0.0036651 0.00548241 0.00856936 0.0015033 -0.00110291 0.0105609
internal_weight=37657.5 32209.3 27012 5448.21 21133.2 3830.08 17303.1 5197.34 5878.84 313.183 4367.14 830.198 636.188 2364.31
internal_count=113110 95970 80921 17140 62945 11311 51634 15049 17976 946 12576 2473 1907 6770
is_linear=0
shrinkage=0.05


Tree=21
num_leaves=15
num_cat=0
split_feature=4 4 4 4 0 0 4 6 9 9 3 11 3 3
split_gain=369.132 85.1743 42.415 23.2313 17.3193 16.5286 12.7972 11.3109 11.2736 9.78685 9.36413 8.67936 8.61292 6.56215
threshold=2319.5000000000005 7294.5000000000009 878.50000000000011 3780.5000000000005 1405.8499755859377 1353.7399902343752 1498.5000000000002 38.500000000000007 1899.5849609375002 1274.059997558594 1635.7399902343752 427.50000000000006 1815.5000000000002 2057.265014648438
decision_type=2 2 2 2 2 2 2 2 2 2 2 2 2 2
left_child=2 3 7 -2 -3 9 8 -1 -4 -5 -6 -8 -7 -12
right_child=1 4 6 5 10 12 11 -9 -10 -11 13 -13 -14 -15
leaf_value=-0.015767973187923109 -0.00058784483478231436 0.0027874100307921043 -0.0078457199485096434 0.0037375370482662902 0.015968069908439946 0.0052042882930732866 0.0028556105658556225 0.022555207431189592 -0.017112921710481142 -0.0032606380900784813 0.0087625890135358524 -0.0054294914931406766 0.002291645486594046 -0.0052928584963034308
leaf_weight=1644.2007610201836 8021.9281634390354 1326.2640708982944 3500.0958320200443 739.35359960794449 463.45563706755638 5001.2559918165207 340.11184453964233 19.291361719369888 363.37305217981339 1538.1399635672569 5038.9143828749657 4331.3858470022678 5172.1963848769665 83.924965858459473
leaf_count=5438 24201 3912 11085 2197 1307 14618 1045 57 1162 4655 14372 13422 15233 245
internal_value=0.000106573 0.0031306 -0.00801317 0.00150999 0.00792955 0.00286198 -0.00658845 -0.0153192 -0.00871905 -0.000986527 0.0091494 -0.00482517 0.00372403 0.00853125
internal_weight=37583.9 27385.4 10198.5 20472.9 6912.56 12450.9 8534.97 1663.49 3863.47 2277.49 5586.29 4671.5 10173.5 5122.84
internal_count=112949 80740 32209 60904 19836 36703 26714 5495 12247 6852 15924 14467 29851 14617
is_linear=0
shrinkage=0.05


Tree=22
num_leaves=15
num_cat=0
split_feature=4 4 4 1 1 4 0 4 4 2 2 11 4 11
split_gain=1406.26 270.585 252.636 79.9334 67.4662 62.5255 53.0276 41.3642 30.0045 28.6429 23.8623 23.3658 21.6628 19.0273
threshold=3299.5000000000005 7294.5000000000009 1294.5000000000002 1349.6450195312502 1408.2099609375002 2266.5000000000005 1727.3850097656252 737.50000000000011 4728.5000000000009 1239.2349853515627 2031.8699951171877 623.50000000000011 9855.0000000000018 812.50000000000011
decision_type=2 2 2 2 2 2 2 2 2 2 2 2 2 2
left_child=2 3 7 9 -3 -4 -5 -1 -8 -2 12 -7 -6 -11
right_child=1 4 5 6 10 11 8 -9 -10 13 -12 -13 -14 -15
leaf_value=0.028780338019215181 -0.0046491234842591508 -0.0072325530820210124 0.010355985265218592 -0.012546853910593556 -0.017437262057887017 -0.0084356265930036513 -0.0020173355427773928 0.017811767881132323 -0.007837653529168884 -0.025634942430441413 -0.0011788041720295506 0.0039655296202542331 -0.024157091884187194 0.0071415801767187748
leaf_weight=1127.4589453339577 886.53804108500481 1277.8327410817146 6036.4341121912003 3019.6222299337387 2443.7973256707191 408.05014365911484 4516.7711874544621 3652.3351752460003 4349.3464339673519 45.259822577238083 161.49143233895302 5434.8752186894417 2376.4451443552971 1764.8535014390945
leaf_count=3200 2651 3901 17615 9326 7754 1198 13634 10487 13445 132 508 16185 7673 5240
internal_value=-0.00013644 -0.00879296 0.0106933 -0.00505982 -0.0174887 0.00678682 -0.0068232 0.0204006 -0.00487316 0.00271055 -0.0201183 0.00309849 -0.0207517 0.00631791
internal_weight=37501.1 20842 16659.2 14582.4 6259.57 11879.4 11885.7 4779.79 8866.12 2696.65 4981.73 5842.93 4820.24 1810.11
internal_count=112949 64264 48685 44428 19836 34998 36405 13687 27079 8023 15935 17383 15427 5372
is_linear=0
shrinkage=0.05


Tree=23
num_leaves=15
num_cat=0
split_feature=4 4 4 2 11 4 2 6 11 4 4 6 8 11
split_gain=374.469 75.8397 62.1769 23.33 16.5283 15.427 14.9344 12.6879 12.0439 11.6165 11.056 10.006 9.89901 9.5619
threshold=2907.5000000000005 5357.5000000000009 977.50000000000011 1390.4099731445315 390.50000000000006 10177.500000000002 1346.8850097656252 14.500000000000002 1539.5000000000002 8964.5000000000018 1961.5000000000002 25.500000000000004 1732.0849609375002 402.50000000000006
decision_type=2 2 2 2 2 2 2 2 2 2 2 2 2 2
left_child=2 6 4 9 11 12 7 -2 -8 -3 -4 -1 -5 -12
right_child=1 3 10 5 -6 -7 8 -9 -10 -11 13 -13 -14 -15
leaf_value=-0.020133964756768489 -0.0092708776553081292 -0.00045669549533881859 -0.0065959526713561395 0.0099635246121876162 -0.010625293958191626 0.010938854520117504 0.0046348180908249931 -0.00049489068912147982 0.00069947228967368828 0.0069706930211299858 0.011708605603945835 0.015172134281222927 0.0054523924858211129 -0.0037520462174444272
leaf_weight=907.12202286720276 569.907072275877 1542.8799913227558 5967.356210231781 1558.8008814156055 1317.88742852211 2597.0917145013809 2654.4721400141716 1489.3120170235634 7281.345243036747 798.10792365670204 101.72628703713417 20.290892988443375 5599.9582441747189 5190.3894080221653
leaf_count=3032 1774 4661 18612 4472 4218 7383 7879 4494 21609 2330 305 64 16268 15848
internal_value=2.94239e-05 0.0037656 -0.00663534 0.00655914 -0.0142338 0.00763495 0.00094789 -0.00292648 0.00175139 0.00207356 -0.00511953 -0.0193546 0.0064355 -0.0034537
internal_weight=37596.6 24091.9 13504.8 12096.8 2245.3 9755.85 11995 2059.22 9935.82 2340.99 11259.5 927.413 7158.76 5292.12
internal_count=112949 70870 42079 35114 7314 28123 35756 6268 29488 6991 34765 3096 20740 16153
is_linear=0
shrinkage=0.05


Tree=24
num_leaves=15
num_cat=0
split_feature=11 11 1 10 3 3 11 3 8 6 6 11 11 10
split_gain=164.263 66.6411 22.7881 19.4418 12.6429 11.9409 11.8614 10.4611 10.12 10.0224 9.88856 9.14128 7.77332 7.62379
threshold=1989.5000000000002 722.50000000000011 1492.9549560546877 1328.7349853515627 1326.9150390625002 1768.7399902343752 3325.5000000000005 1703.9899902343752 1240.7949829101565 49.000000000000007 19.500000000000004 1344.5000000000002 283.50000000000006 1762.684997558594
decision_type=2 2 2 2 2 2 2 2 2 2 2 2 2 2
left_child=1 9 8 4 -2 13 7 -5 -3 10 12 -7 -1 -4
right_child=3 2 5 6 -6 11 -8 -9 -10 -11 -12 -13 -14 -15
leaf_value=-0.011385364283387461 0.00042485405308491169 0.0017327787682147725 0.0018479224329875522 0.0076685443152407322 -0.023748374593121672 -0.0034253325831895436 0.0069405377402657013 0.0023766390259912572 -0.0045573223708872878 0.030145790539892955 -0.013696967906561551 -2.2630120957230294e-05 -0.0058731203123047124 0.016042185462939229
leaf_weight=780.32578960061073 1640.5462127029896 732.00305318832397 4254.9814997315407 1227.2066098749638 55.827426940202713 2753.2432947456837 5766.9179374575615 3929.6919166743755 4995.8364093005657 17.427078485488892 601.7688692510128 6981.8445462584496 3618.8196823000908 96.76447406411171
leaf_count=2563 4894 2230 12699 3591 168 8381 16601 11571 15365 51 1947 20856 11393 290
internal_value=-3.65908e-05 -0.00239728 -0.00109346 0.00460817 -0.000369089 -1.18649e-05 0.00538155 0.00363707 -0.00375257 -0.00754421 -0.00767715 -0.000985509 -0.00685226 0.00216505
internal_weight=37453.2 24833 19814.7 12620.2 1696.37 14086.8 10923.8 5156.9 5727.84 5018.34 5000.91 9735.09 4399.15 4351.75
internal_count=112600 75775 59821 36825 5062 42226 31763 15162 17595 15954 15903 29237 13956 12989
is_linear=0
shrinkage=0.05


Tree=25
num_leaves=15
num_cat=0
split_feature=4 4 4 0 0 4 6 4 4 9 4 4 0 6
split_gain=1290.21 294.355 189.612 74.5749 49.0233 50.9759 43.2104 33.1781 30.283 27.1144 23.3048 22.7096 22.5069 18.8645
threshold=2986.5000000000005 6711.5000000000009 1272.5000000000002 1391.9949951171877 1353.7399902343752 4690.5000000000009 14.500000000000002 737.50000000000011 1768.5000000000002 1728.5749511718752 9855.0000000000018 10730.000000000002 2021.8150024414065 22.500000000000004
decision_type=2 2 2 2 2 2 2 2 2 2 2 2 2 2
left_child=2 4 7 11 6 9 -2 -1 -4 -6 -5 -3 -12 -8
right_child=1 3 8 10 5 -7 13 -9 -10 -11 12 -13 -14 -15
leaf_value=0.027318029515904892 0.010571381950505585 -0.0018691415351609038 0.011576594290435092 -0.015724220247035892 -0.0088570091674682865 -0.0088369525691419041 -0.0040776940655023125 0.017393796996365955 0.0057517224983326771 -0.00085896439119842916 -0.02351218849074321 -0.015314910023624005 -0.0052315194110590839 0.01222637542768203
leaf_weight=1115.8779316842556 1010.140262901783 1045.1475180983543 3265.9656611084938 3338.8584383428097 1292.7600247561932 5105.0029417276382 1634.2018192410469 3472.6831704676151 7067.1008093655109 5886.3953603804111 2271.792456895113 449.51195883750916 182.69445094466209 198.81445220112801
leaf_count=3145 2971 3175 9424 10681 3970 15836 4877 9910 20809 17786 7448 1391 583 594
internal_value=-4.14874e-05 -0.00762505 0.0113502 -0.01588 -0.00364757 -0.00501705 0.00226763 0.0198089 0.00759336 -0.00229998 -0.0184495 -0.00591699 -0.0221538 -0.00230601
internal_weight=37336.9 22415.3 14921.6 7288 15127.3 12284.2 2843.16 4588.56 10333.1 7179.16 5793.35 1494.66 2454.49 1833.02
internal_count=112600 69312 43288 23278 46034 37592 8442 13055 30233 21756 18712 4566 8031 5471
is_linear=0
shrinkage=0.05


Tree=26
num_leaves=15
num_cat=0
split_feature=4 4 4 4 1 1 6 11 0 6 11 0 6 9
split_gain=328.987 72.23 54.7575 22.7013 18.8568 16.7447 15.4466 14.6433 14.1857 14.0326 9.77235 9.72723 8.92895 8.13629
threshold=3299.5000000000005 977.50000000000011 6711.5000000000009 1961.5000000000002 1346.5050048828127 1355.2800292968752 4.5000000000000009 450.50000000000006 1890.184997558594 14.500000000000002 1663.5000000000002 1790.6750488281252 25.500000000000004 1788.6650390625002
decision_type=2 2 2 2 2 2 2 2 2 2 2 2 2 2
left_child=1 7 5 13 -4 9 8 12 -7 -2 -8 -6 -1 -3
right_child=2 3 4 -5 11 6 10 -9 -10 -11 -12 -13 -14 -15
leaf_value=-0.018683292748180973 -0.0065706922033953799 -0.0053748387108582818 0.0019011769318533029 -0.0022648054543524441 0.010667736183926973 0.0016436320460251497 0.0070282478760685264 -0.0098584664945125609 -0.0069063964782260893 0.0012694436588520954 0.0030403158960332064 0.0068016456708573023 0.014424163154291068 -0.0097668662621944406
leaf_weight=1052.2442775964737 904.38298058509827 4516.8690942823887 1347.1426048278809 7564.0473930537701 2764.7546002268791 2079.1317650973797 2012.8643585443497 1123.144927829504 632.58037778735161 1544.7071544528008 6532.3284526467323 3989.3550235629082 20.526813924312592 1381.525519400835
leaf_count=3545 2813 14121 3988 22998 7876 6129 5925 3608 1885 4654 19231 11414 65 4348
internal_value=7.8057e-05 -0.00545109 0.00404841 -0.00407898 0.00730754 0.00212162 0.00293695 -0.0138602 -0.000349231 -0.00162382 0.00398035 0.00838508 -0.0180439 -0.00640454
internal_weight=37465.6 15658.4 21807.2 13462.4 8101.25 13706 11256.9 2195.92 2711.71 2449.09 8545.19 6754.11 1072.77 5898.39
internal_count=112600 48685 63915 41467 23278 40637 33170 7218 8014 7467 25156 19290 3610 18469
is_linear=0
shrinkage=0.05


Tree=27
num_leaves=15
num_cat=0
split_feature=4 4 4 6 4 4 11 4 6 2 3 11 0 4
split_gain=315.342 66.058 40.0787 13.501 13.093 12.0848 11.2804 11.0244 9.59793 8.84309 7.18928 6.82671 7.2096 5.11495
threshold=2319.5000000000005 5952.0000000000009 1002.5000000000001 18.500000000000004 3583.5000000000005 1856.5000000000002 283.50000000000006 9855.0000000000018 41.500000000000007 1331.5500488281252 1198.4549560546877 623.50000000000011 1353.7399902343752 535.50000000000011
decision_type=2 2 2 2 2 2 2 2 2 2 2 2 2 2
left_child=2 4 8 7 -2 -4 -7 9 10 -3 -1 -6 -13 -12
right_child=1 3 5 -5 11 6 -8 -9 -10 -11 13 12 -14 -15
leaf_value=-0.00041950988257604972 -0.000778359321765184 0.00036310462244274757 -0.0072504562549263116 -0.0041089233008957142 0.020287100848877249 0.036674544838792164 -0.0033532622951131554 0.0086198073570727691 0.021514538260527231 0.0058077504084763053 -0.020897367355437707 -0.00094074387661000839 0.0025520038165338945 -0.013357182639275334
leaf_weight=98.923200011253357 6962.3628481030464 859.97395807504654 5139.7885529994965 321.62217876315117 50.910370528697968 17.601224303245544 2619.5863410234451 3364.0441735088825 19.369999885559082 5715.3501191735268 258.3045546412468 1789.7249125540257 8414.8081232309341 1921.7775778770447
leaf_count=325 21046 2556 16284 965 149 53 8078 9531 56 16410 885 5402 24793 6395
internal_value=1.28845e-05 0.00278738 -0.00755354 0.00596306 0.000894514 -0.00583791 -0.00308283 0.00628952 -0.013356 0.00509643 -0.0136555 0.0020307 0.00193893 -0.0142538
internal_weight=37554.1 27478.8 10075.4 10261 17217.8 7776.98 2637.19 9939.37 2298.38 6575.32 2279.01 10255.4 10204.5 2180.08
internal_count=112928 80852 32076 29462 51390 24415 8131 28497 7661 18966 7605 30344 30195 7280
is_linear=0
shrinkage=0.05


Tree=28
num_leaves=15
num_cat=0
split_feature=4 4 4 0 1 4 4 0 6 2 4 2 2 4
split_gain=1132.53 226.928 214.464 69.3031 58.3093 56.7618 35.2062 32.6935 38.147 29.3823 26.5306 31.5533 25.1648 24.9142
threshold=3473.5000000000005 6711.5000000000009 1272.5000000000002 1391.9949951171877 1355.2800292968752 2319.5000000000005 737.50000000000011 1727.3850097656252 5.5000000000000009 1291.9849853515627 9855.0000000000018 2019.914978027344 1707.7049560546877 10730.000000000002
decision_type=2 2 2 2 2 2 2 2 2 2 2 2 2 2
left_child=2 4 6 13 9 -4 -1 -6 -9 -2 12 -12 -5 -3
right_child=1 3 5 10 7 -7 -8 8 -10 -11 11 -13 -14 -15
leaf_value=0.026001902435084517 -0.0026556966865943369 -0.0013807667536714259 0.009039224542580623 -0.0227023941315369 -0.010993029753953559 0.0024389483873113755 0.0158184990646008 -0.006200326876900069 0.0023723868721064337 0.008474746448489421 -0.023384328543855727 -0.00079835425098166929 -0.012536688784569034 -0.01577182053070415
leaf_weight=1124.2999078035355 1221.2679111659527 1018.1670370399952 6559.2052224576473 803.64056700468063 2450.1122820079327 6476.330589979887 3496.823723167181 6038.4572356343269 1651.8448023200035 1151.4310211837292 2277.6809056997299 166.39774489402771 2538.1698540747166 427.28555679321289
leaf_count=3151 3648 3098 19000 2633 7638 19269 9925 18498 5089 3388 7568 533 8160 1330
internal_value=-0.000158413 -0.00838632 0.00904211 -0.0154378 -0.00431079 0.00576049 0.0182977 -0.00596195 -0.00435829 0.00274374 -0.0178847 -0.0218488 -0.0149834 -0.00563912
internal_weight=37401.1 19744.5 17656.7 7231.34 12513.1 13035.5 4621.12 10140.4 7690.3 2372.7 5785.89 2444.08 3341.81 1445.45
internal_count=112928 61583 51345 23322 38261 38269 13076 31225 23587 7036 18894 8101 10793 4428
is_linear=0
shrinkage=0.05


Tree=29
num_leaves=15
num_cat=0
split_feature=4 4 4 3 4 3 6 0 4 9 6 6 9 6
split_gain=285.337 69.5859 44.9394 22.6931 21.5337 18.33 16.5875 10.6558 10.4511 9.46764 8.18892 15.5573 7.64921 7.09621
threshold=3958.5000000000005 1140.5000000000002 6649.5000000000009 1353.8399658203127 2476.5000000000005 1342.2199707031252 24.500000000000004 1288.4849853515627 928.50000000000011 1901.9250488281252 8.5000000000000018 5.5000000000000009 1341.7650146484377 4.5000000000000009
decision_type=2 2 2 2 2 2 2 2 2 2 2 2 2 2
left_child=1 6 3 7 9 -4 8 -2 -1 -3 11 -5 -7 -6
right_child=2 4 5 10 13 12 -8 -9 -10 -11 -12 -13 -14 -15
leaf_value=-0.013766466420878698 0.001304040311789942 -0.0040663391481692499 0.0017630781062675926 0.0038565315176975496 -0.0042064098880267558 0.036658247074060187 0.016987087300721522 -0.0062869222285634923 -0.0078455850844123109 -0.0097318843439298981 0.0066799241486746753 -0.0022531395298269383 0.0082033551744352881 -0.00029680499003648889
leaf_weight=1861.6075291335583 883.45964729785919 7023.2628058791161 1267.7259647846222 5476.4686607122421 1407.3727289140224 23.709682285785675 52.151125729084015 967.60851538181305 1252.8440689444542 825.69241186976433 1595.4890173077583 1285.567930996418 7002.6383464038372 6639.4389784634113
leaf_count=6198 2663 21828 3752 16085 4234 68 164 2992 4012 2584 4638 3801 19934 19975
internal_value=0.000144707 -0.00414839 0.00456794 0.00234609 -0.00279959 0.007302 -0.0109172 -0.00266141 -0.0113866 -0.0046631 0.00345579 0.00269423 0.00830061 -0.000981253
internal_weight=37565 19062.4 18502.7 10208.6 15895.8 8294.07 3166.6 1851.07 3114.45 7848.96 8357.53 6762.04 7026.35 8046.81
internal_count=112928 58995 53933 30179 48621 23754 10374 5655 10210 24412 24524 19886 20002 24209
is_linear=0
shrinkage=0.05


Tree=30
num_leaves=15
num_cat=0
split_feature=4 4 4 2 6 3 4 11 4 4 4 4 9 3
split_gain=277.957 62.3326 48.9672 20.8667 17.0217 11.286 10.5348 8.25105 8.22284 8.08855 7.61237 7.46982 7.20427 6.72783
threshold=2584.5000000000005 6004.5000000000009 1163.5000000000002 1475.6949462890627 36.500000000000007 1687.434997558594 1856.5000000000002 353.50000000000006 737.50000000000011 14809.000000000002 3780.5000000000005 8841.5000000000018 1319.2950439453127 1703.9899902343752
decision_type=2 2 2 2 2 2 2 2 2 2 2 2 2 2
left_child=2 10 4 9 8 -5 7 -4 -1 -3 13 -7 -11 -2
right_child=1 3 6 5 -6 11 -8 -9 -10 12 -12 -13 -14 -15
leaf_value=-0.016049551586213212 0.0017416174459459163 0.00072843949808265975 0.00081169399010211265 0.011476564882890108 0.026624275628412377 0.0046705364477348139 -0.0026481749609232547 -0.0069362522511483525 -0.010428876847724138 -0.0038388062049100852 0.0018002344896844655 0.00800437193522722 0.020924372346200697 -0.0016106670576425096
leaf_weight=911.28353133797646 2315.7496718466282 2016.4076431393623 377.06780517101288 1235.989837706089 28.58956116437912 3509.425795674324 4123.4490301012993 3743.4296304881573 2327.8311953544617 42.027956515550613 9330.4495299756527 3245.4880982637405 94.871167480945587 4228.2391660511494
leaf_count=3135 6952 5947 1184 3478 85 10086 12682 11890 7635 121 27544 9150 272 12760
internal_value=-2.21204e-05 0.00283991 -0.00649128 0.00590141 -0.0116718 0.00707875 -0.00443712 -0.00622602 -0.0120122 0.00152985 0.000883179 0.00627316 0.0132883 -0.000423607
internal_weight=37530.3 26018.6 11511.7 10144.2 3267.7 7990.9 8243.95 4120.5 3239.11 2153.31 15874.4 6754.91 136.899 6543.99
internal_count=112921 76310 36611 29054 10855 22714 25756 13074 10770 6340 47256 19236 393 19712
is_linear=0
shrinkage=0.05


Tree=31
num_leaves=15
num_cat=0
split_feature=4 4 4 1 2 4 1 6 6 11 2 9 11 4
split_gain=1042.34 227.008 198.133 65.8037 48.8346 41.4011 40.1542 37.9628 31.752 29.8768 28.941 27.4912 22.6309 18.5338
threshold=3384.5000000000005 7365.5000000000009 1294.5000000000002 1355.2800292968752 1723.4250488281252 2294.5000000000005 1394.5799560546877 5.5000000000000009 25.500000000000004 427.50000000000006 2031.8699951171877 1290.9849853515627 623.50000000000011 905.50000000000011
decision_type=2 2 2 2 2 2 2 2 2 2 2 2 2 2
left_child=2 3 8 11 -5 -4 -3 -6 9 13 -8 -2 -7 -1
right_child=1 6 5 4 7 12 10 -9 -10 -11 -12 -13 -14 -15
leaf_value=0.027574470177684187 -0.0038348001677556624 -0.0078711280813840677 0.0085351067804475666 -0.011728963736467729 -0.0058419386429124608 -0.0089817425683234777 -0.018761653416560997 0.0022136163076442671 -0.016537955710950611 0.015077509042303081 0.0034812621921792167 0.0066007711291887847 0.0035458140954877891 0.017028237102258932
leaf_weight=1038.3076058626175 1004.8682988584042 1222.1914814412594 6269.5834249258041 2780.809383392334 6812.450925797224 384.13583534955978 4564.9409436285496 1861.2701993882656 66.854649275541306 3002.8473976552486 150.66211250424385 1694.5873565077782 5791.8570667207241 702.8282396197319
leaf_count=2893 3008 3770 18093 8760 21005 1127 15160 5750 187 8494 481 5003 17206 1984
internal_value=-8.70913e-06 -0.00774998 0.00900421 -0.00430709 -0.00596225 0.00567253 -0.0159558 -0.00411274 0.0176219 0.0181047 -0.0180499 0.0027143 0.00276568 0.0233215
internal_weight=37348.2 20091.8 17256.4 14154 11454.5 12445.6 5937.79 8673.72 4810.84 4743.98 4715.6 2699.46 6175.99 1741.14
internal_count=112921 62937 49984 43526 35515 36426 19411 26755 13558 13371 15641 8011 18333 4877
is_linear=0
shrinkage=0.05


Tree=32
num_leaves=15
num_cat=0
split_feature=4 4 4 3 11 11 6 3 6 7 6 0 0 4
split_gain=274.164 51.9314 48.8078 22.6087 19.7172 16.9676 13.7541 10.1897 9.60316 9.2491 11.1872 8.88701 8.30956 8.22991
threshold=3135.5000000000005 6523.5000000000009 1294.5000000000002 1353.8399658203127 486.50000000000006 1695.5000000000002 14.500000000000002 1342.2199707031252 8.5000000000000018 1905.8150024414065 4.5000000000000009 1589.904968261719 1908.1450195312502 9855.0000000000018
decision_type=2 2 2 2 2 2 2 2 2 2 2 2 2 2
left_child=2 3 4 6 -1 12 -2 -3 -7 -4 -11 -9 -5 -13
right_child=1 7 9 5 -6 8 -8 11 -10 10 -12 13 -14 -15
leaf_value=-0.013995420981354076 -0.0076924535002994288 0.0025312834456307047 -0.0029482012759023384 0.0073148701265220856 -0.0069915407985163469 0.00059243813870135469 2.2204924519648662e-05 0.012128078851984379 0.0047812425460078715 -0.016553022180285017 -0.0050497691652209254 0.0050682918479497616 0.0012901913845390234 0.0086872545452018508
leaf_weight=1723.6213946342468 889.57807493209839 1357.4782499074936 9245.1835865974426 2229.5090190768242 2422.2348627448082 7040.2676106989384 1644.1612392961979 831.67486056685448 1699.4982240796089 269.73069027066231 988.3986968100071 3664.0028354227543 772.93275532126427 2766.4993620812893
leaf_count=5791 2788 4017 28509 6545 7767 20793 4954 2365 4947 849 3053 10480 2288 7775
internal_value=3.09086e-05 0.00344871 -0.00531052 0.00159789 -0.00990485 0.0025224 -0.00268458 0.00651343 0.00140759 -0.0034965 -0.00752105 0.00725705 0.00576567 0.00662611
internal_weight=37544.8 22895.6 14649.2 14275.9 4145.86 11742.2 2533.74 8619.66 8739.77 10503.3 1258.13 7262.18 3002.44 6430.5
internal_count=112921 66952 45969 42315 13558 34573 7742 24637 25740 32411 3902 20620 8833 18255
is_linear=0
shrinkage=0.05


end of trees

feature_importances:
h1_completed_tickvol=185
h1_partial_tickvol=59
h1_completed_spread=53
h1_completed_close=41
h1_completed_open=35
h1_completed_low=31
h1_completed_high=25
h1_partial_low=11
h1_partial_close=8
h1_partial_open=6
h1_partial_high=6
h1_completed_vol=2

parameters:
[boosting: gbdt]
[objective: multiclass]
[metric: multi_logloss]
[tree_learner: serial]
[device_type: cpu]
[data_sample_strategy: bagging]
[data: ]
[valid: ]
[num_iterations: 11]
[learning_rate: 0.05]
[num_leaves: 15]
[num_threads: 2]
[seed: 42]
[deterministic: 0]
[force_col_wise: 0]
[force_row_wise: 0]
[histogram_pool_size: -1]
[max_depth: 5]
[min_data_in_leaf: 50]
[min_sum_hessian_in_leaf: 0.001]
[bagging_fraction: 0.8]
[pos_bagging_fraction: 1]
[neg_bagging_fraction: 1]
[bagging_freq: 1]
[bagging_seed: 400]
[bagging_by_query: 0]
[feature_fraction: 0.8]
[feature_fraction_bynode: 1]
[feature_fraction_seed: 30056]
[extra_trees: 0]
[extra_seed: 12879]
[early_stopping_round: 0]
[early_stopping_min_delta: 0]
[first_metric_only: 0]
[max_delta_step: 0]
[lambda_l1: 0.1]
[lambda_l2: 0.1]
[linear_lambda: 0]
[min_gain_to_split: 0]
[drop_rate: 0.1]
[max_drop: 50]
[skip_drop: 0.5]
[xgboost_dart_mode: 0]
[uniform_drop: 0]
[drop_seed: 17869]
[top_rate: 0.2]
[other_rate: 0.1]
[min_data_per_group: 100]
[max_cat_threshold: 32]
[cat_l2: 10]
[cat_smooth: 10]
[max_cat_to_onehot: 4]
[top_k: 20]
[monotone_constraints: ]
[monotone_constraints_method: basic]
[monotone_penalty: 0]
[feature_contri: ]
[forcedsplits_filename: ]
[refit_decay_rate: 0.9]
[cegb_tradeoff: 1]
[cegb_penalty_split: 0]
[cegb_penalty_feature_lazy: ]
[cegb_penalty_feature_coupled: ]
[path_smooth: 0]
[interaction_constraints: ]
[verbosity: -1]
[saved_feature_importance_type: 0]
[use_quantized_grad: 0]
[num_grad_quant_bins: 4]
[quant_train_renew_leaf: 0]
[stochastic_rounding: 1]
[linear_tree: 0]
[max_bin: 255]
[max_bin_by_feature: ]
[min_data_in_bin: 3]
[bin_construct_sample_cnt: 200000]
[data_random_seed: 175]
[is_enable_sparse: 1]
[enable_bundle: 1]
[use_missing: 1]
[zero_as_missing: 0]
[feature_pre_filter: 1]
[pre_partition: 0]
[two_round: 0]
[header: 0]
[label_column: ]
[weight_column: ]
[group_column: ]
[ignore_column: ]
[categorical_feature: ]
[forcedbins_filename: ]
[precise_float_parser: 0]
[parser_config_file: ]
[objective_seed: 16083]
[num_class: 3]
[is_unbalance: 0]
[scale_pos_weight: 1]
[sigmoid: 1]
[boost_from_average: 1]
[reg_sqrt: 0]
[alpha: 0.9]
[fair_c: 1]
[poisson_max_delta_step: 0.7]
[tweedie_variance_power: 1.5]
[lambdarank_truncation_level: 30]
[lambdarank_norm: 1]
[label_gain: ]
[lambdarank_position_bias_regularization: 0]
[eval_at: ]
[multi_error_top_k: 1]
[auc_mu_weights: ]
[num_machines: 1]
[local_listen_port: 12400]
[time_out: 120]
[machine_list_filename: ]
[machines: ]
[gpu_platform_id: -1]
[gpu_device_id: -1]
[gpu_device_id_list: ]
[gpu_use_dp: 0]
[num_gpu: 1]

end of parameters

pandas_categorical:[]
