tree
version=v4
num_class=3
num_tree_per_iteration=3
label_index=0
max_feature_idx=6
objective=multiclass num_class:3
feature_names=open_x high_x low_x close_x tickvol_x vol_x spread_x
feature_infos=[1161.8299560546875:2128.909912109375] [1165.8499755859375:2144.77001953125] [1160.0699462890625:2114.35009765625] [1161.8299560546875:2129.070068359375] [1:25250] [0:3520210] [0:679]
tree_sizes=1692 1700 1696 1764 1772 1763 1765 1765 1775 1772 1762 1764 1768 1762 1768 1761 1766 1770 1759 1766 1749 1768 1772 1766 1766 1767 1772

Tree=0
num_leaves=15
num_cat=0
split_feature=4 4 4 1 6 4 4 1 1 4 1 1 4 4
split_gain=675.845 151.836 122.578 32.018 24.82 27.0392 20.7793 17.1669 15.0124 12.7989 15.6239 11.3539 9.25745 8.2758
threshold=641.50000000000011 1638.5000000000002 329.50000000000006 1474.4749755859377 28.500000000000004 182.50000000000003 803.50000000000011 1392.7950439453127 1907.0050048828127 2304.5000000000005 1764.2049560546877 1460.2950439453127 403.50000000000006 1820.5000000000002
decision_type=2 2 2 2 2 2 2 2 2 2 2 2 2 2
left_child=2 6 4 13 5 -1 -2 -8 -7 10 -5 -9 -4 -3
right_child=1 3 12 9 -6 8 7 11 -10 -11 -12 -13 -14 -15
leaf_value=-1.1208835353243032 -1.099969971919021 -1.1011136494600671 -1.1069331336143549 -1.0840696899475342 -1.0958697450810635 -1.1113202607988202 -1.0995295151842712 -1.0839542578570953 -1.1215682934811635 -1.0845049410507874 -1.0913356964409997 -1.095060900802014 -1.102860824574845 -1.0925850649211932
leaf_weight=1281.7873619198799 3545.2129543423653 353.79182648658752 1877.3397965431213 1112.3894102573395 182.47654196619987 3284.0542734861374 2352.2517057359219 235.43678191304207 402.7835206091404 3275.12648832798 2226.62498280406 10607.260060042143 5488.4897381365299 1434.6635554134846
leaf_count=3956 10660 1060 5698 3280 545 10026 7073 697 1239 9634 6601 31651 16577 4273
internal_value=-1.09855 -1.09382 -1.10804 -1.08833 -1.11396 -1.11462 -1.09657 -1.09566 -1.11244 -1.08673 -1.08891 -1.09482 -1.1039 -1.09428
internal_weight=37659.7 25142.8 12516.9 8402.6 5151.1 4968.63 16740.2 13194.9 3686.84 6614.14 3339.01 10842.7 7365.83 1788.46
internal_count=112970 74929 38041 24848 15766 15221 50081 39421 11265 19515 9881 32348 22275 5333
is_linear=0
shrinkage=1


Tree=1
num_leaves=15
num_cat=0
split_feature=4 4 4 2 2 4 4 4 4 3 2 2 4 2
split_gain=2681.67 510.652 481.69 138.731 108.744 81.7452 76.8405 60.231 38.4505 38.0795 33.0277 29.3248 24.4183 21.8599
threshold=761.50000000000011 335.50000000000006 1683.5000000000002 1390.2449951171877 1390.2449951171877 221.50000000000003 1206.5000000000002 538.50000000000011 2304.5000000000005 1294.4749755859377 1801.4150390625002 2033.3699951171877 3386.5000000000005 1730.2449951171877
decision_type=2 2 2 2 2 2 2 2 2 2 2 2 2 2
left_child=1 5 4 12 9 -1 10 -3 -5 -2 -6 -10 -4 -8
right_child=2 7 3 8 6 -7 13 -9 11 -11 -12 -13 -14 -15
leaf_value=-1.0628958823944743 -1.1007667348412744 -1.085264082570683 -1.1037083285310614 -1.1187969996447678 -1.1067259559297831 -1.0754215419361863 -1.1166988526882586 -1.0930847477960923 -1.1275376274089741 -1.0886464271873602 -1.0998541993808149 -1.1038575571291358 -1.1215215446466682 -1.1090954968469711
leaf_weight=2307.6738301515579 1357.0852827727795 4879.4049890339375 1351.2667460739613 3090.2410409748554 3181.6721822917461 3002.7801460325718 1292.0472518205643 4975.7135334014893 3178.6924742460251 1239.2803810536861 3886.5154905319214 136.94166252017021 224.5716287791729 3555.8023582994938
leaf_count=7096 4065 14773 4039 9141 9491 9155 3828 14984 9344 3743 11648 409 663 10591
internal_value=-1.09873 -1.08248 -1.10968 -1.11955 -1.10425 -1.06998 -1.10627 -1.08921 -1.12282 -1.09498 -1.10295 -1.12656 -1.10625 -1.11112
internal_weight=37659.7 15165.6 22494.1 7981.71 14512.4 5310.45 11916 9855.12 6405.88 2596.37 7068.19 3315.63 1575.84 4847.85
internal_count=112970 46008 66962 23596 43366 16251 35558 29757 18894 7808 21139 9753 4702 14419
is_linear=0
shrinkage=1


Tree=2
num_leaves=15
num_cat=0
split_feature=4 4 4 0 6 1 3 4 4 1 4 6 0 6
split_gain=693.701 147.758 85.1345 58.9879 24.1038 21.8077 23.5928 21.6748 21.0837 17.7455 15.8462 14.7938 13.9422 12.1559
threshold=712.50000000000011 1413.5000000000002 257.50000000000006 1353.3950195312502 26.500000000000004 1354.2149658203127 1727.1650390625002 2482.5000000000005 448.50000000000006 1290.7149658203127 2698.5000000000005 6.5000000000000009 2034.7600097656252 4.5000000000000009
decision_type=2 2 2 2 2 2 2 2 2 2 2 2 2 2
left_child=2 5 4 10 -1 9 -7 13 -4 -2 -3 -8 -9 -5
right_child=1 3 8 7 -6 6 11 12 -10 -11 -12 -13 -14 -15
leaf_value=-1.1154115923231647 -1.0973043461416083 -1.0990208143470808 -1.1076646339192291 -1.0931780332673238 -1.0952765415297112 -1.0918677167421071 -1.0961329753510956 -1.0828601287394453 -1.103227257786632 -1.1062942977132906 -1.088567170822212 -1.1010998237709995 -1.0998277914549086 -1.0877743970192808
leaf_weight=3092.7702302634716 1168.4101955890656 1604.1127424240112 4854.7871930301189 1339.5549336671829 155.67552763223648 2550.458520680666 5872.3138970732689 2658.1277412474155 5984.758784621954 1033.9125694334507 467.96424904465675 2012.1704842746258 126.25926628708839 4738.4126627147198
leaf_count=9503 3502 4806 14747 3976 466 7593 17556 7813 18051 3123 1389 6039 377 14029
internal_value=-1.09857 -1.09332 -1.10734 -1.08906 -1.11445 -1.097 -1.09605 -1.08729 -1.10522 -1.10152 -1.09666 -1.0974 -1.08363 -1.08896
internal_weight=37659.7 23571.7 14088 10934.4 3248.45 12637.3 10434.9 8862.35 10839.5 2202.32 2072.08 7884.48 2784.39 6077.97
internal_count=112970 70203 42767 32390 9969 37813 31188 26195 32798 6625 6195 23595 8190 18005
is_linear=0
shrinkage=1


Tree=3
num_leaves=15
num_cat=0
split_feature=4 4 4 4 3 4 2 6 4 4 0 0 2 5
split_gain=627.078 130.648 101.771 26.2103 25.8784 25.8097 29.0767 24.5489 14.5059 14.3106 14.0002 12.2199 10.8273 9.52599
threshold=641.50000000000011 1731.5000000000002 263.50000000000006 403.50000000000006 1353.3349609375002 891.50000000000011 1390.2449951171877 28.500000000000004 2304.5000000000005 149.50000000000003 1723.2299804687502 1889.5949707031252 1291.1049804687502 1788134.0000000002
decision_type=2 2 2 2 2 2 2 2 2 2 2 2 2 2
left_child=2 5 7 -4 13 -2 12 9 -6 -1 -8 -11 -7 -3
right_child=1 4 3 -5 8 6 10 -9 -10 11 -12 -13 -14 -15
leaf_value=-0.0239156077995741 -0.00076822108973941135 0.0032364709606890968 -0.0098106271789140925 -0.0042924257779015087 0.0087084415696966951 0.001844974281604253 0.0079086583471370212 0.0036219487633439617 0.013597286383030267 -0.01454283723470972 0.0034936258382554496 -0.025414720651489243 -0.0051383583766909926 0.029225424713270914
leaf_weight=690.41156774759293 5396.5669364631176 1393.5961045622826 3559.6814719736576 5455.2495902478695 2793.4934342503548 1062.9303831160069 2341.4926123023033 143.06546777486801 3346.5335648953915 2279.1183051466942 7745.1196276843548 293.39030545949936 1159.8650703728199 36.137485057115555
leaf_count=2158 16210 4150 10878 16516 8221 3182 6927 430 9778 7038 23065 915 3508 106
internal_value=-5.55897e-05 0.00446496 -0.00925497 -0.00647201 0.00996289 0.00211413 0.00337818 -0.016619 0.011374 -0.0175081 0.00451909 -0.0157856 -0.00179678 0.00389885
internal_weight=37696.7 25275.7 12420.9 9014.93 7569.76 17706 12309.4 3405.99 6140.03 3262.92 10086.6 2572.51 2222.8 1429.73
internal_count=113082 75147 37935 27394 22255 52892 36682 10541 17999 10111 29992 7953 6690 4256
is_linear=0
shrinkage=0.05


Tree=4
num_leaves=15
num_cat=0
split_feature=1 6 2 6 0 6 6 2 3 1 6 1 2 1
split_gain=610.847 127.004 87.4812 139.521 99.4886 81.3719 56.1867 54.857 33.0514 32.8587 30.9373 27.1801 23.2307 21.0117
threshold=1335.2349853515627 5.5000000000000009 1773.1250000000002 18.500000000000004 1528.7199707031252 18.500000000000004 10.500000000000002 1721.8750000000002 1239.7600097656252 1938.9649658203127 4.5000000000000009 1590.5750122070315 1620.9200439453127 1926.9749755859377
decision_type=2 2 2 2 2 2 2 2 2 2 2 2 2 2
left_child=5 7 3 11 -5 8 13 12 -1 -9 -11 -3 -2 -4
right_child=1 2 6 4 -6 -7 -8 9 -10 10 -12 -13 -14 -15
leaf_value=-0.00027642453896872045 -0.033743941986098647 -0.005226893872467369 0.0046844435417126374 0.011817563260188577 -0.011797859791094833 0.017172227782895129 0.012974214489958238 -0.0047230649991925082 0.0097959304729618116 0.00086321603900130217 -0.014796116007340925 -0.012372025375148367 -0.013749601438421126 -0.0015985646019027575
leaf_weight=1101.9670026600361 164.61610224843025 3265.0408444404602 2781.8701471984386 1869.4215131103992 585.4326696395874 3920.405517488718 1388.0502207577229 11453.400517702103 3111.1529577970505 392.6098592877388 1591.4832101464272 2251.6925968527794 1264.9697942435741 2549.0489137768745
leaf_count=3298 485 9771 8372 5632 1735 11817 4184 34334 9367 1183 4741 6719 3780 7664
internal_value=-0.000147114 -0.00348629 -0.000188791 -0.00373141 0.00618348 0.0119869 0.00401353 -0.00674427 0.00716031 -0.00575296 -0.0116951 -0.00814431 -0.0160576 0.00167923
internal_weight=37691.2 29557.6 14690.6 7971.59 2454.85 8133.53 6718.97 14867.1 4213.12 13437.5 1984.09 5516.73 1429.59 5330.92
internal_count=113082 88600 44077 23857 7367 24482 20220 44523 12665 40258 5924 16490 4265 16036
is_linear=0
shrinkage=0.05


Tree=5
num_leaves=15
num_cat=0
split_feature=4 4 4 0 6 3 4 4 6 4 6 3 6 0
split_gain=641.278 130.438 84.2441 49.2624 20.6594 18.06 19.8058 17.5984 16.9877 16.5364 15.1922 12.2181 11.719 9.24783
threshold=726.50000000000011 1413.5000000000002 257.50000000000006 1347.9549560546877 25.500000000000004 1390.7650146484377 1108.5000000000002 2698.5000000000005 15.500000000000002 455.50000000000006 10.500000000000002 1901.4250488281252 27.500000000000004 2034.7600097656252
decision_type=2 2 2 2 2 2 2 2 2 2 2 2 2 2
left_child=2 5 4 -3 -1 8 11 -5 -2 12 -8 -7 -4 -9
right_child=1 3 9 7 -6 6 10 13 -10 -11 -12 -13 -14 -15
leaf_value=-0.0161866690939899 -0.0081205874923567737 0.0021127507277023238 -0.0085860252080112911 0.009558072662230032 0.0012179438054815443 0.0022670025841897072 0.0041480276260487375 0.015428783299053221 0.0010096984596570213 -0.0043091256325280989 0.012779000061863442 -0.0027122227948431451 0.0070941487429311903 0.0011417520804546299
leaf_weight=3067.297305226326 802.34986227750778 1974.464797437191 4843.8727955520153 6758.6458439826965 179.95988565683365 4729.2067939043045 3214.6881204545498 2132.7792238593102 1393.1551448404789 6085.1316766440868 606.95303049683571 1665.2436182796955 121.74268066883087 120.43646913766861
leaf_count=9505 2429 5900 14784 19915 543 14119 9571 6216 4185 18393 1794 5002 365 361
internal_value=0.000202819 0.00530089 -0.00813952 0.00926896 -0.0152206 0.00178803 0.00267244 0.0108363 -0.00232492 -0.00605819 0.00552041 0.000969508 -0.00820045 0.0146674
internal_weight=37695.9 23397.9 14298 10986.3 3247.26 12411.6 10216.1 9011.86 2195.51 11050.7 3821.64 6394.45 4965.62 2253.22
internal_count=113082 69492 43590 32392 10048 37100 30486 26492 6614 33542 11365 19121 15149 6577
is_linear=0
shrinkage=0.05


Tree=6
num_leaves=15
num_cat=0
split_feature=4 4 4 3 4 1 4 0 6 4 2 6 6 6
split_gain=612.098 121.781 96.3559 47.8399 24.3605 16.9786 15.3906 12.6981 12.5087 11.7544 10.8259 13.6272 9.56089 9.42701
threshold=761.50000000000011 329.50000000000006 1595.5000000000002 1493.2249755859377 182.50000000000003 1392.7950439453127 489.50000000000006 1459.5000000000002 32.500000000000007 891.50000000000011 1888.3950195312502 25.500000000000004 22.500000000000004 68.500000000000014
decision_type=2 2 2 2 2 2 2 2 2 2 2 2 2 2
left_child=1 4 5 12 8 -2 -3 -7 -1 -9 13 -12 -4 -6
right_child=2 6 3 -5 10 7 -8 9 -10 -11 11 -13 -14 -15
leaf_value=-0.020751789152407454 -0.0010629761888240998 -0.0069131123744280674 0.0038536873824103358 0.011347724428439492 -0.011085030277887766 0.014438116248269132 -0.0028863125737104279 -5.8530016493441784e-06 0.0025471539172857724 0.0040740214578612486 -0.020548101925610629 0.02392461044372355 -0.0066400964587609301 0.019799057164545653
leaf_weight=1291.1161134541035 2465.0620773732662 3902.2042099237442 1744.3097811341286 6895.1114127337933 3264.2669942677021 260.15282937884331 6072.9996365904808 2204.2482413947582 59.878217250108719 8818.4097720980644 463.75531578063965 17.705777168273926 247.50965940952301 24.693852573633194
leaf_count=4049 7431 11885 5185 20182 10062 765 18345 6603 180 26208 1447 53 743 73
internal_value=0.000117037 -0.00768069 0.00531808 0.00937582 -0.0139485 0.00269466 -0.00446211 0.00351607 -0.0197153 0.00325771 -0.0118803 -0.0188976 0.00254692 -0.010851
internal_weight=37731.4 15096.6 22634.8 8886.93 5121.42 13747.9 9975.2 11282.8 1350.99 11022.7 3770.42 481.461 1991.82 3288.96
internal_count=113211 46094 67117 26110 15864 41007 30230 33576 4229 32811 11635 1500 5928 10135
is_linear=0
shrinkage=0.05


Tree=7
num_leaves=15
num_cat=0
split_feature=1 6 2 6 6 0 1 2 1 6 6 2 5 2
split_gain=541.72 126.802 97.4781 131.056 70.5154 57.5619 41.2543 39.1441 34.0951 32.7794 30.2306 25.2609 21.8675 25.6782
threshold=1335.2349853515627 18.500000000000004 1730.2449951171877 5.5000000000000009 17.500000000000004 1528.7199707031252 1590.5750122070315 1764.6149902343752 1938.9649658203127 5.5000000000000009 10.500000000000002 1227.1650390625002 993659.00000000012 1239.3549804687502
decision_type=2 2 2 2 2 2 2 2 2 2 2 2 2 2
left_child=4 2 6 8 11 -3 9 -7 -4 -2 -5 -1 13 -6
right_child=1 5 3 10 12 7 -8 -9 -10 -11 -12 -13 -14 -15
leaf_value=-0.0033269091370673829 -0.035829549791268678 0.012048633151980027 -0.0043023105107429524 0.0015130071930702987 0.010904507583797601 -0.011317280374851219 -0.013315703821381719 0.011881159649526197 -0.011406116456491519 -0.0046604573718005728 0.009943364824363643 0.0078791514966551329 -0.017087977740921381 0.018473789040522683
leaf_weight=612.18316999077797 86.549814760684967 1872.9656141400337 11069.376280516386 5704.8187421858311 1807.7010370492935 559.38320380449295 3351.2464132606983 269.14978730678558 1994.6861340403557 3266.4959805011749 1307.60102429986 2801.2469336390495 51.460989505052567 2968.7186763584614
leaf_count=1828 259 5617 33264 17160 5401 1665 10066 806 5985 9800 3920 8397 153 8890
internal_value=3.82033e-05 -0.00312955 -0.00417113 -0.00242758 0.0113709 0.00719391 -0.00939145 -0.00377469 -0.00538742 -0.00546754 0.00308584 0.00586789 0.0152605 0.0156104
internal_weight=37723.6 29482.3 26780.8 20076.5 8241.31 2701.5 6704.29 828.533 13064.1 3353.05 7012.42 3413.43 4827.88 4776.42
internal_count=113211 88542 80454 60329 24669 8088 20125 2471 39249 10059 21080 10225 14444 14291
is_linear=0
shrinkage=0.05


Tree=8
num_leaves=15
num_cat=0
split_feature=4 4 4 0 4 6 3 2 3 4 3 6 4 3
split_gain=617.009 132.729 79.4546 35.7088 29.5512 27.2687 19.4795 21.0002 20.7551 18.9875 14.3927 11.8203 9.70762 9.71577
threshold=726.50000000000011 1381.5000000000002 335.50000000000006 1342.0749511718752 2025.5000000000002 26.500000000000004 1353.3349609375002 1726.1700439453127 1291.5450439453127 221.50000000000003 2000.2449951171877 4.5000000000000009 524.50000000000011 1898.9899902343752
decision_type=2 2 2 2 2 2 2 2 2 2 2 2 2 2
left_child=2 6 5 -3 11 9 8 -8 -2 -1 -6 -5 13 -4
right_child=1 3 12 4 10 -7 7 -9 -10 -11 -12 -13 -14 -15
leaf_value=-0.0174848149449192 0.0013291839194893276 0.0024692703955824253 -0.0061473517002451072 0.0024853306429281959 0.013582175527014998 0.0043052946098625922 0.0061372484146146669 0.00076777109956310504 -0.0087109763951427593 -0.011290900211879441 0.0026911149046353888 0.0085046771692738471 -0.0038308759663139079 -0.012680328499090454
leaf_weight=2165.0075393021107 1127.0905132889748 1925.1079531610012 3867.6968576908112 1035.1372519135475 4294.0946413576603 213.05660444498062 2410.503729313612 7456.7394676804543 946.18285956978798 2909.9169163107872 327.71681070327759 3891.8395583033562 4496.3301347494125 669.64964899420738
leaf_count=6752 3383 5761 11779 3056 12521 641 7140 22285 2879 8951 970 11455 13594 2044
internal_value=-0.000155346 0.00484477 -0.00833034 0.00868513 0.00993773 -0.0131986 0.00115403 0.00208006 -0.00325065 -0.0139346 0.0128111 0.00724113 -0.00547995 -0.00711289
internal_weight=37736.1 23414.4 14321.7 11473.9 9548.79 5287.98 11940.5 9867.24 2073.27 5074.92 4621.81 4926.98 9033.68 4537.35
internal_count=113211 69450 43761 33763 28002 16344 35687 29425 6262 15703 13491 14511 27417 13823
is_linear=0
shrinkage=0.05


Tree=9
num_leaves=15
num_cat=0
split_feature=4 4 4 1 4 4 4 1 0 4 1 3 2 0
split_gain=554.52 123.666 94.3297 31.4295 18.8309 17.9336 16.366 11.9849 11.8634 7.92903 8.22381 7.42972 7.38843 6.61817
threshold=634.50000000000011 1554.5000000000002 263.50000000000006 1354.2149658203127 403.50000000000006 818.50000000000011 2304.5000000000005 1392.7950439453127 1723.2299804687502 149.50000000000003 1874.8850097656252 1496.8050537109377 1291.1049804687502 1911.7850341796877
decision_type=2 2 2 2 2 2 2 2 2 2 2 2 2 2
left_child=2 5 9 -3 13 -2 -5 12 -9 -1 11 -11 -7 -4
right_child=1 3 4 6 -6 7 -8 8 -10 10 -12 -13 -14 -15
leaf_value=-0.020480917718236093 -0.0013461859741516627 0.0027854511566029823 -0.0080986520307860573 0.0081067384486926877 -0.0041505715653296256 0.0020365885688725491 0.012801465924043588 0.0063965635672902296 0.0022985861633193811 -0.015730633178156445 -0.021980610453519872 -0.0098691017451608409 -0.0038215096415418464 -0.015038313455147213
leaf_weight=732.50815233588219 4004.3421679735184 1765.7297829687595 3161.4880341291428 4173.9455058574677 5304.8541827499866 1083.0602365136147 3359.6778985261917 2295.9257797598839 7689.124893784523 1441.9108660519123 330.57089251279831 876.24261251091957 1068.8026655614376 387.86612170934677
leaf_count=2313 12048 5271 9706 12248 16092 3256 9768 6780 22883 4503 1039 2703 3242 1200
internal_value=-5.70139e-06 0.00420087 -0.0087526 0.0087937 -0.00603859 0.00155448 0.0102012 0.00251192 0.00324142 -0.0158577 -0.0145766 -0.0135177 -0.000870772 -0.00885881
internal_weight=37676 25440.6 12235.4 9299.35 8854.21 16141.3 7533.62 12136.9 9985.05 3381.23 2648.72 2318.15 2151.86 3549.35
internal_count=113052 75496 37556 27287 26998 48209 22016 36161 29663 10558 8245 7206 6498 10906
is_linear=0
shrinkage=0.05


Tree=10
num_leaves=15
num_cat=0
split_feature=4 4 4 0 1 6 4 4 4 2 4 6 0 1
split_gain=2214.27 429.581 398.277 108.743 94.9771 85.9826 76.4697 71.3146 44.3717 33.7955 28.1384 27.926 26.4226 26.2236
threshold=761.50000000000011 1699.5000000000002 335.50000000000006 1391.2600097656252 1354.2149658203127 27.500000000000004 221.50000000000003 1206.5000000000002 579.50000000000011 1292.2750244140627 2650.5000000000005 24.500000000000004 1648.1450195312502 1890.8649902343752
decision_type=2 2 2 2 2 2 2 2 2 2 2 2 2 2
left_child=2 4 5 -3 9 6 -1 13 11 -2 12 -4 -5 -6
right_child=1 3 8 10 7 -7 -8 -9 -10 -11 -12 -13 -14 -15
leaf_value=0.033610614343497817 -0.0018893954785876282 -0.0077696487383541631 0.011990151092991612 -0.03031085624265047 -0.0056444417771245054 -0.0060387211826667007 0.021434488120868747 -0.011511966824520456 0.0046358379418647783 0.0094331854418630515 -0.027077183518703259 -0.010593539824578578 -0.018352659351971695 0.001030557224881454
leaf_weight=2284.7786609828472 1363.3171482980251 1543.996459543705 5706.6798930168152 538.92730757594109 5000.3542650341988 207.84132564067841 2971.838216573 4933.8792313039303 4048.2458972632885 1274.5291138291359 2251.2363255023956 139.94131687283516 3313.8935896754265 2083.1841407120228
leaf_count=6816 4067 4618 17078 1620 15050 617 8864 14867 12134 3808 6801 414 10022 6276
internal_value=3.67945e-05 -0.0100238 0.0146462 -0.0196297 -0.00501044 0.025481 0.0267283 -0.0068964 0.00866189 0.00357959 -0.0226286 0.0114486 -0.0200274 -0.00368071
internal_weight=37662.6 22303.3 15359.3 7648.05 14655.3 5464.46 5256.62 12017.4 9894.87 2637.85 6104.06 5846.62 3852.82 7083.54
internal_count=113052 67129 45923 23061 44068 16297 15680 36193 29626 7875 18443 17492 11642 21326
is_linear=0
shrinkage=0.05


Tree=11
num_leaves=15
num_cat=0
split_feature=4 4 4 3 6 4 3 1 1 4 2 6 6 4
split_gain=581.43 130.445 80.2484 39.0113 20.658 17.6469 19.1361 14.6371 15.2526 14.5891 14.2486 13.308 11.7568 11.6859
threshold=712.50000000000011 1381.5000000000002 299.50000000000006 1390.7650146484377 25.500000000000004 1979.5000000000002 2000.2449951171877 1348.684997558594 1290.7149658203127 221.50000000000003 1732.195007324219 37.500000000000007 4.5000000000000009 2749.5000000000005
decision_type=2 2 2 2 2 2 2 2 2 2 2 2 2 2
left_child=2 7 4 13 9 12 -7 8 -2 -1 -9 -4 -5 -3
right_child=1 3 11 5 -6 6 -8 10 -10 -11 -12 -13 -14 -15
leaf_value=-0.017437044392408292 0.0012936872428627084 0.00082419462122748145 -0.0057768082327347599 0.0029824496271758814 0.0012729563281999885 0.013087553861354188 0.00071295498229593602 0.0050709207629979006 -0.0072453514248307848 -0.011455465932326835 0.00082192723100532822 0.013275325353343468 0.0091446948292015252 0.0097324846487007958
leaf_weight=2150.483202457428 1132.7893273532391 1784.2298033237457 9524.1126663684845 993.08930718898773 215.40593767166138 4303.6951509416103 337.80660450458527 2676.4795269370079 970.01980051398277 1954.8495039641857 7522.3813137412071 92.29934373497963 3553.3733495175838 464.28497532010078
leaf_count=6740 3404 5349 28985 2933 648 12506 1002 7920 2964 6041 22481 274 10434 1371
internal_value=-3.0948e-05 0.00472833 -0.00813742 0.00857248 -0.0137983 0.0100173 0.012188 0.00115409 -0.00264313 -0.0145903 0.00193752 -0.00559329 0.00779986 0.0026662
internal_weight=37675.3 23738.1 13937.2 11436.5 4320.74 9187.96 4641.5 12301.7 2102.81 4105.33 10198.9 9616.41 4546.46 2248.51
internal_count=113052 70364 42688 33595 13429 26875 13508 36769 6368 12781 30401 29259 13367 6720
is_linear=0
shrinkage=0.05


Tree=12
num_leaves=15
num_cat=0
split_feature=4 4 4 4 6 4 1 5 4 0 6 4 0 6
split_gain=518.482 106.292 86.5394 23.4684 20.7573 19.7564 19.5555 11.1147 11.0164 9.09385 9.0304 7.30179 7.22551 6.70605
threshold=634.50000000000011 1699.5000000000002 263.50000000000006 1027.5000000000002 34.500000000000007 403.50000000000006 1354.2149658203127 356626.00000000006 182.50000000000003 1889.5949707031252 12.500000000000002 2304.5000000000005 2021.5650024414065 5.5000000000000009
decision_type=2 2 2 2 2 2 2 2 2 2 2 2 2 2
left_child=2 3 4 -2 8 -4 10 13 -1 -10 -3 12 -8 -5
right_child=1 6 5 7 -6 -7 11 -9 9 -11 -12 -13 -14 -15
leaf_value=-0.019794054999571684 -0.00015255847210304531 0.022807807877481767 -0.0089004985867425189 0.005157707033452948 0.0073789969532378034 -0.0040722890373019053 0.0086042430180818582 -0.0089841287256192219 -0.012535975693065493 -0.023072158566815507 0.0027771773720887531 0.011584770844173064 -0.0062486574331452917 0.0024449382226174191
leaf_weight=1267.8703920245171 8238.2616809308529 58.603104561567307 3538.8174048066139 4393.3205836415291 96.178784489631653 5296.5163630843163 2940.9689616560936 174.35599887371063 1729.8585363030434 234.01631566882133 1411.8601367771626 3371.9207240343094 83.765746802091599 4754.4540220499039
leaf_count=4042 24690 173 10929 12977 289 16104 8579 533 5405 745 4201 9745 246 14160
internal_value=-0.000105806 0.0039554 -0.0085962 0.00179126 -0.015469 -0.00600678 0.0087853 0.00350959 -0.0161507 -0.0137951 0.00358036 0.00998095 0.00819107 0.00374836
internal_weight=37590.8 25427.5 12163.3 17560.4 3327.92 8835.33 7867.12 9322.13 3231.75 1963.87 1470.46 6396.66 3024.73 9147.77
internal_count=112818 75304 37514 52360 10481 27033 22944 27670 10192 6150 4374 18570 8825 27137
is_linear=0
shrinkage=0.05


Tree=13
num_leaves=15
num_cat=0
split_feature=4 4 4 0 6 4 2 4 4 4 2 6 2 6
split_gain=2062.52 391.082 333.731 120.964 63.206 69.1803 55.1891 54.7451 48.878 36.889 29.5797 27.2048 27.0205 23.1642
threshold=754.50000000000011 1528.5000000000002 335.50000000000006 1391.2600097656252 27.500000000000004 221.50000000000003 1390.2449951171877 2241.5000000000005 1206.5000000000002 538.50000000000011 2020.4100341796877 14.500000000000002 1797.7249755859377 24.500000000000004
decision_type=2 2 2 2 2 2 2 2 2 2 2 2 2 2
left_child=2 6 4 -3 5 -1 11 -5 12 13 -9 -2 -8 -4
right_child=1 3 9 7 -6 -7 8 10 -10 -11 -12 -13 -14 -15
leaf_value=0.031467228451542449 0.0122053698165197 -0.0062472081369288231 0.012108098962583417 -0.016557615040560757 -0.004075896582154433 0.019953548120786452 -0.0068255381978426415 -0.026396387792401246 -0.0105391523526219 0.0054346685899859899 -0.0064202051367445064 -0.00030006351915534777 -0.00062434705356596929 -0.010348975525975522
leaf_weight=2309.138775408268 572.54152336716652 1863.5753978490829 4847.5366781353951 4002.2869075238705 194.04704022407532 3011.346206009388 3123.0855039358139 3160.8696309328079 3517.0579449236393 4826.5010537207127 197.64864784479141 1805.0026449561119 4019.321314394474 117.30216041207314
leaf_count=6794 1710 5587 14422 12193 577 8898 9438 9689 10650 14428 602 5372 12110 348
internal_value=-3.76112e-05 -0.00975216 0.0140912 -0.0176309 0.0239296 0.024952 -0.00417709 -0.0205121 -0.00571363 0.00854947 -0.0252225 0.00270968 -0.00333663 0.0115763
internal_weight=37567.3 22261.4 15305.9 9224.38 5514.53 5320.48 13037 7360.81 10659.5 9791.34 3358.52 2377.54 7142.41 4964.84
internal_count=112818 67351 45467 28071 16269 15692 39280 22484 32198 29198 10291 7082 21548 14770
is_linear=0
shrinkage=0.05


Tree=14
num_leaves=15
num_cat=0
split_feature=4 4 4 0 4 3 3 4 0 4 4 4 3 2
split_gain=534.456 109.834 71.5543 42.6437 19.8653 18.4287 18.5447 11.9289 11.8518 11.1332 10.6167 10.5698 9.04288 7.26064
threshold=747.50000000000011 1413.5000000000002 299.50000000000006 1391.2600097656252 2698.5000000000005 1390.7650146484377 1727.1650390625002 524.50000000000011 1223.7550048828127 221.50000000000003 2698.5000000000005 1242.5000000000002 2000.2449951171877 1904.6350097656252
decision_type=2 2 2 2 2 2 2 2 2 2 2 2 2 2
left_child=2 5 9 10 -5 8 -7 13 -2 -1 -3 -8 -6 -4
right_child=1 3 7 4 12 6 11 -9 -10 -11 -12 -13 -14 -15
leaf_value=-0.015189264229579627 0.0041583998504845752 0.00026434287705350825 -0.0059699212830853741 0.0086554197455565966 0.015171607711952584 0.0063359716784177622 0.00030777141415092962 -0.0032965834436915354 -0.00474693990663759 -0.010059392755023154 0.0086511889422507034 0.0050099210308406647 0.004468534316613741 -0.0113233411304084
leaf_weight=2255.4154949784279 485.77430057525635 1661.2669004201889 4702.4891087412834 6669.136960119009 2007.2819916605949 2368.5857453644276 5941.7634343206882 4934.8580666780472 1610.8109987676144 2010.9511903822422 488.65857490897179 1496.8258792161942 220.49378928542137 735.17339065670967
leaf_count=7120 1455 4976 14409 19465 5773 6984 17757 14956 4892 6242 1439 4436 654 2260
internal_value=0.000143532 0.00490522 -0.0073214 0.00849588 0.0100231 0.00157257 0.00248246 -0.0050786 -0.00268111 -0.0127728 0.00217324 0.00125469 0.0141148 -0.00669482
internal_weight=37589.5 22950.6 14638.9 11046.8 8896.91 11903.8 9807.18 10372.5 2096.59 4266.37 2149.93 7438.59 2227.78 5437.66
internal_count=112818 67831 44987 32307 25892 35524 29177 31625 6347 13362 6415 22193 6427 16669
is_linear=0
shrinkage=0.05


Tree=15
num_leaves=15
num_cat=0
split_feature=4 4 4 4 4 1 3 6 0 6 3 5 4 1
split_gain=447.459 93.2898 86.2985 24.2721 20.3332 15.9947 15.5521 12.508 9.9779 9.2839 8.05223 7.47624 5.30504 4.66167
threshold=684.50000000000011 1915.5000000000002 347.50000000000006 987.50000000000011 182.50000000000003 1354.2149658203127 1342.0150146484377 68.500000000000014 1723.2299804687502 29.500000000000004 1901.4250488281252 632723.00000000012 3913.5000000000005 1345.5650024414065
decision_type=2 2 2 2 2 2 2 2 2 2 2 2 2 2
left_child=2 3 4 -2 9 12 11 10 -8 -1 -6 -5 13 -3
right_child=1 5 -4 6 7 -7 8 -9 -10 -11 -12 -13 -14 -15
leaf_value=-0.018660415694637986 -0.00031881395504210409 0.0039285641333127695 -0.00404425330623442 8.8557841487831468e-05 -0.0099892070597557853 0.010473891799649651 0.0070605165439520797 0.020209009766538218 0.0033967871125757383 0.00040767229768432682 -0.017001466131049331 -0.015877943533364823 0.014215299270370347 -0.0074420668937606365
leaf_weight=1243.9678948223591 6361.5412308871746 951.40775611996651 7745.4714871346951 1913.4368491470814 3662.2841907441616 5068.6496393680573 2491.5929699838161 32.62309718132019 7363.6077626943588 66.742466062307358 463.89579850435257 76.115903407335281 114.07594230771065 99.210220545530319
leaf_count=4012 19060 2826 23622 5764 11453 14624 7307 96 21743 201 1474 233 333 296
internal_value=-2.8309e-05 0.00397951 -0.00744068 0.00217158 -0.0122493 0.00925918 0.00350953 -0.0105344 0.00432362 -0.0176857 -0.0107792 -0.00052054 0.00396811 0.00284947
internal_weight=37654.6 24439.6 13215 18206.3 5469.51 6233.34 11844.8 4158.8 9855.2 1310.71 4126.18 1989.55 1164.69 1050.62
internal_count=113044 72186 40858 54107 17236 18079 35047 13023 29050 4213 12927 5997 3455 3122
is_linear=0
shrinkage=0.05


Tree=16
num_leaves=15
num_cat=0
split_feature=4 4 4 0 6 4 0 4 4 0 6 6 4 4
split_gain=1823.22 403.971 243.839 133.632 47.1538 43.9349 52.519 41.2989 40.6978 33.4441 28.2445 27.7966 24.9024 23.8405
threshold=698.50000000000011 1528.5000000000002 263.50000000000006 1391.2600097656252 27.500000000000004 891.50000000000011 1347.9549560546877 2025.5000000000002 489.50000000000006 1727.2049560546877 24.500000000000004 14.500000000000002 158.50000000000003 3607.5000000000005
decision_type=2 2 2 2 2 2 2 2 2 2 2 2 2 2
left_child=2 5 4 13 12 -2 11 -5 10 -8 -4 -7 -1 -3
right_child=1 3 8 7 -6 6 9 -9 -10 -11 -12 -13 -14 -15
leaf_value=0.033784611601367358 0.0010511458986728862 -0.0030992549703395809 0.013717970349049933 -0.015474281995257636 -0.0017701539621213479 0.013158582512383214 -0.012269118097387267 -0.023100984271238946 0.0068830961705188057 -0.0049272142923249785 -0.0074105371962232651 -0.0010078700451439198 0.024069090580841303 -0.022910758145435722
leaf_weight=894.69870528578758 4115.8766819536686 1709.2574481368065 5661.2714809775352 3111.206893414259 152.7384087741375 469.82418271899223 2054.7961208820343 4154.9763318896294 4735.6746716499329 6348.9347539544106 162.35006520152092 1313.8590883910656 2560.9691734611988 166.71324709057808
leaf_count=2604 12372 5145 16692 9555 454 1398 6253 12896 14095 19225 482 3909 7462 502
internal_value=2.06645e-06 -0.00855515 0.0141633 -0.0167646 0.0253852 -0.00330754 -0.00506901 -0.0198364 0.0103278 -0.0067231 0.013128 0.00272131 0.0265869 -0.00486365
internal_weight=37613.1 23445.4 14167.7 9142.15 3608.41 14303.3 10187.4 7266.18 10559.3 8403.73 5823.62 1783.68 3455.67 1875.97
internal_count=113044 71255 41789 28098 10520 43157 30785 22451 31269 25478 17174 5307 10066 5647
is_linear=0
shrinkage=0.05


Tree=17
num_leaves=15
num_cat=0
split_feature=4 4 4 0 3 3 4 6 6 2 4 0 6 6
split_gain=491.886 99.0727 60.6228 31.7538 16.4672 16.5946 14.9007 15.5902 13.5577 13.0471 12.4185 11.177 11.1413 11.1006
threshold=712.50000000000011 1413.5000000000002 257.50000000000006 1405.4449462890627 1353.3349609375002 1783.2650146484377 2073.5000000000005 4.5000000000000009 24.500000000000004 1202.7850341796877 524.50000000000011 2034.7600097656252 6.5000000000000009 24.500000000000004
decision_type=2 2 2 2 2 2 2 2 2 2 2 2 2 2
left_child=2 4 8 -3 9 -6 7 -5 -1 -2 13 -8 -7 -4
right_child=1 3 10 6 5 12 11 -9 -10 -11 -12 -13 -14 -15
leaf_value=-0.014406689564706072 0.0077513067567832874 0.0024400766295709698 -0.0073855697768532257 0.00178166625173848 0.0047170850333349071 0.0018898460536061049 0.011799853344585972 0.0087505690018820897 -0.00097594443088873232 -0.0039987053453027317 -0.0035325531813937406 -0.0018184344033127086 -0.0027696418011017333 0.0050832366696815963
leaf_weight=2962.4248440265656 268.81353306770325 2192.0195691585541 6327.7122726142406 1034.3501475453377 4022.4772744476795 4749.0007021129131 4101.6094254553318 3611.3366632163525 201.49748265743256 1932.897808432579 4156.9714802801609 155.73057147860527 1757.113754928112 183.13556212186813
leaf_count=9410 804 6535 19519 3030 11876 14146 11789 10508 613 5876 12640 465 5286 547
internal_value=2.61103e-05 0.00438033 -0.0074737 0.00783408 0.00136979 0.0021924 0.00916154 0.00720011 -0.013553 -0.00256155 -0.0056701 0.0113005 0.000630661 -0.00703401
internal_weight=37657.1 23825.3 13831.7 11095 12730.3 10528.6 8903.03 4645.69 3163.92 2201.71 10667.8 4257.34 6506.11 6510.85
internal_count=113044 70315 42729 32327 37988 31308 25792 13538 10023 6680 32706 12254 19432 20066
is_linear=0
shrinkage=0.05


Tree=18
num_leaves=15
num_cat=0
split_feature=4 4 4 4 6 2 1 4 0 4 0 6 6 3
split_gain=418.05 86.787 72.0009 24.0771 18.9897 16.3808 16.306 13.9444 10.6009 9.33386 9.63444 7.26404 6.30078 5.7221
threshold=768.50000000000011 263.50000000000006 1915.5000000000002 489.50000000000006 30.500000000000004 1390.2449951171877 1354.2149658203127 1143.5000000000002 1459.5000000000002 149.50000000000003 1889.5949707031252 82.500000000000014 25.500000000000004 1261.184997558594
decision_type=2 2 2 2 2 2 2 2 2 2 2 2 2 2
left_child=1 4 5 12 9 13 -4 8 -7 -1 -11 -6 -3 -2
right_child=2 3 6 -5 11 7 -8 -9 -10 10 -12 -13 -14 -15
leaf_value=-0.01973283570207135 0.0018673683956706823 -0.0072501889433888456 0.0033381132744124058 -0.0024181572203703133 -0.0001853148433237927 0.014796130096398795 0.0099382896750893051 0.0046607966513945017 0.0010997969802409768 -0.011968776341655062 -0.021803091713685482 0.031232874116056509 0.0030470875763121321 -0.0026328597332758198
leaf_weight=674.2693794965744 1141.908065110445 5365.1749546527863 1147.9818846285343 6172.3615086972713 100.47961261868477 144.66656315326691 5125.0238133966923 7269.125814884901 5998.020805478096 2219.5976329147816 282.36068123579025 22.336668878793716 152.0398553609848 1848.4887684583664
leaf_count=2212 3423 16630 3399 18723 304 424 14721 21333 17837 7069 918 65 458 5593
internal_value=-0.00010754 -0.00658678 0.00417511 -0.00456485 -0.0137492 0.00243225 0.0087313 0.00317845 0.00142341 -0.0144956 -0.0130815 0.00550881 -0.00696547 -0.000912733
internal_weight=37663.8 14988.6 22675.2 11689.6 3299.04 16402.2 6273.01 13411.8 6142.69 3176.23 2501.96 122.816 5517.21 2990.4
internal_count=113109 46379 66730 35811 10568 48610 18120 39594 18261 10199 7987 369 17088 9016
is_linear=0
shrinkage=0.05


Tree=19
num_leaves=15
num_cat=0
split_feature=4 4 4 0 4 2 4 6 2 3 4 2 4 6
split_gain=1634.02 347.498 261.426 91.7667 66.4714 65.9281 65.5537 46.295 30.4621 29.2102 23.0381 30.5125 22.8491 22.4013
threshold=747.50000000000011 1731.5000000000002 263.50000000000006 1391.2600097656252 448.50000000000006 1390.2449951171877 1206.5000000000002 26.500000000000004 1291.1049804687502 1727.1650390625002 2336.5000000000005 2020.4100341796877 158.50000000000003 45.500000000000007
decision_type=2 2 2 2 2 2 2 2 2 2 2 2 2 2
left_child=2 5 7 -3 13 8 9 12 -2 -7 -5 -12 -1 -4
right_child=1 3 4 10 -6 6 -8 -9 -10 -11 11 -13 -14 -15
leaf_value=0.032335769792415238 -0.0026828779099808664 -0.0065560394121677735 0.013737343802395311 -0.017244768026616127 0.0057348565119404457 -0.0086009546349112044 -0.010286526178429487 -0.0016323847677912574 0.0077185474822946314 -0.0011063965944872317 -0.02494282928088723 -0.0041086876087877084 0.023066437338151436 -0.020130743460231904
leaf_weight=900.775027602911 1394.8062407076359 1466.4755095541477 4801.4484882354736 2710.1487890481949 6823.7009416222572 1699.572290033102 5058.5586681365967 164.77286666631699 1419.9133974313736 5539.9559642970562 2791.4673811495304 188.21133494377136 2592.2891973555088 49.122226178646088
leaf_count=2593 4164 4433 14069 8443 20234 5179 15516 488 4217 16743 8814 583 7487 146
internal_value=1.08934e-05 -0.00863758 0.0125727 -0.0177143 0.00891724 -0.00433909 -0.00591911 0.0242373 0.00256254 -0.00286663 -0.0205892 -0.0236287 0.0254591 0.0133929
internal_weight=37601.2 22269.1 15332.1 7156.3 11674.3 15112.8 12298.1 3657.84 2814.72 7239.53 5689.83 2979.68 3493.06 4850.57
internal_count=113109 68092 45017 22273 34449 45819 37438 10568 8381 21922 17840 9397 10080 14215
is_linear=0
shrinkage=0.05


Tree=20
num_leaves=15
num_cat=0
split_feature=4 4 4 1 4 6 4 6 0 6 3 3 4 4
split_gain=426.952 93.5863 64.7721 19.619 22.2534 17.124 17.2925 16.0779 14.9028 14.5872 12.119 11.4237 8.70671 6.10835
threshold=698.50000000000011 1749.5000000000002 335.50000000000006 1354.2149658203127 1215.5000000000002 26.500000000000004 221.50000000000003 4.5000000000000009 1391.2600097656252 15.500000000000002 1991.5350341796877 1793.0250244140627 2482.5000000000005 448.50000000000006
decision_type=2 2 2 2 2 2 2 2 2 2 2 2 2 2
left_child=2 3 5 9 11 6 -1 -6 -3 -2 12 -5 -10 -4
right_child=1 8 13 4 7 -7 -8 -9 10 -11 -12 -13 -14 -15
leaf_value=-0.015487737471644095 -0.0060288275011408168 0.0041381763966704755 -0.0062418823977982299 0.0033247316329176914 0 0.0022528014568592458 -0.0094931608412978929 0.0067264247453992362 0.0086401829575647859 0.0011455867544135504 0.0023243603477912044 -0.00041341847148162878 0.012613373776844692 -0.0033559115547074935
leaf_weight=2105.0117881894112 1181.5184314250946 1461.3717007637024 2745.318905711174 3531.4933859705925 1127.0535005033016 217.81993755698204 2827.9400542080402 4186.1371085345745 3069.5221705436707 1767.3353653550148 503.64642730355263 4846.5650207102299 2527.3710580766201 5569.0101972520351
leaf_count=6784 3603 4337 8482 10449 3317 653 8864 12229 8861 5333 1472 14517 7200 17008
internal_value=9.65237e-05 0.00406726 -0.00704004 0.00197086 0.00276778 -0.0114465 -0.0120525 0.0052993 0.00867967 -0.0017274 0.00976667 0.0011617 0.0104354 -0.0043095
internal_weight=37667.1 24202 13465.1 16640.1 13691.2 5150.77 4932.95 5313.19 7561.91 2948.85 6100.54 8378.06 5596.89 8314.33
internal_count=113109 71318 41791 49448 40512 16301 15648 15546 21870 8936 17533 24966 16061 25490
is_linear=0
shrinkage=0.05


Tree=21
num_leaves=15
num_cat=0
split_feature=4 4 4 1 6 4 0 4 6 0 4 0 0 4
split_gain=377.128 86.5907 66.2635 18.7542 14.3932 13.442 12.3832 11.1077 9.88787 9.40438 8.87131 10.7184 8.72793 7.89247
threshold=634.50000000000011 1595.5000000000002 263.50000000000006 1474.4749755859377 80.500000000000014 839.50000000000011 1347.9549560546877 403.50000000000006 17.500000000000004 1886.684997558594 149.50000000000003 1889.5949707031252 1634.7800292968752 2372.5000000000005
decision_type=2 2 2 2 2 2 2 2 2 2 2 2 2 2
left_child=2 5 4 8 10 -2 -7 -4 -3 -8 -1 -12 -5 -14
right_child=1 3 7 12 -6 6 9 -9 -10 -11 11 -13 13 -15
leaf_value=-0.018670037780551558 -0.0010812293167333858 0.0048528342008595324 -0.0072255030467354639 0.014407968897815948 0.023656831096429545 -0.001390532171859263 0.0038917307313584165 -0.003583746205891985 -0.0039109776388771382 0.00059517957616418574 -0.011115719531528158 -0.021223479427145781 0.0064291642189668388 0.0099403074202905912
leaf_weight=695.26694422960281 4432.3488481938839 1493.2422655820847 3484.8576330542564 587.34765431284904 25.886151969432831 2064.2239361405373 6911.88606518507 5270.3876985311508 409.5686948299408 3154.7990099191666 2283.4865771830082 297.93426966667175 3528.427360534668 2952.6646223664284
leaf_count=2301 13361 4411 10902 1675 75 6236 20367 16126 1224 9347 7317 979 10207 8421
internal_value=-2.35584e-05 0.00341771 -0.00731142 0.00737409 -0.0133473 0.00127446 0.00213559 -0.00503391 0.00296374 0.00285914 -0.0136419 -0.012285 0.00856058 0.00802968
internal_weight=37592.3 25534.5 12057.8 8971.25 3302.57 16563.3 12130.9 8755.25 1902.81 10066.7 3276.69 2581.42 7068.44 6481.09
internal_count=112949 75249 37700 25938 10672 49311 35950 27028 5635 29714 10597 8296 20303 18628
is_linear=0
shrinkage=0.05


Tree=22
num_leaves=15
num_cat=0
split_feature=6 1 2 6 3 1 1 6 3 2 0 6 2 5
split_gain=325.605 101.766 89.1185 78.2051 59.884 33.4575 31.9172 30.2442 25.3157 19.0841 18.635 14.3463 13.7236 12.5478
threshold=18.500000000000004 1335.2349853515627 1721.8750000000002 5.5000000000000009 1502.9849853515627 1590.5750122070315 1835.6550292968752 6.5000000000000009 1239.7600097656252 1771.2750244140627 1528.7199707031252 15.500000000000002 1745.3599853515627 1026228.0000000001
decision_type=2 2 2 2 2 2 2 2 2 2 2 2 2 2
left_child=1 8 5 6 13 7 -4 -3 -1 10 -6 -10 -5 -2
right_child=4 2 3 12 9 -7 -8 -9 11 -11 -12 -13 -14 -15
leaf_value=-0.0015976325763840671 0.012257313521718159 -0.033407391162716585 -0.0015149661831802617 -0.0066221159458698499 0.005006962951529078 -0.012819138098602752 -0.0064506171032924471 -0.0045397995485551143 0.0042417208658678809 0.011292663579552817 -0.0094706057036452133 0.011024686868936283 0.0029217564337057546 -0.0072809213226834764
leaf_weight=1112.7762486934662 5569.3676924109459 93.321892201900482 6246.2119755148888 398.50238537788391 367.36679381132126 2736.3271317481995 6894.561037927866 3234.755760371685 1817.7852874398232 273.19346058368683 561.31386452913284 1369.8035614192486 6761.163693010807 83.021072775125504
leaf_count=3302 16246 295 19021 1209 1081 8443 21030 9774 5411 807 1679 4013 20385 253
internal_value=-3.76169e-05 -0.00223989 -0.0034033 -0.00181412 0.00981429 -0.0087221 -0.00410496 -0.00535175 0.00489151 -0.000316833 -0.00373827 0.00715839 0.00238977 0.0119693
internal_weight=37519.5 30665.2 26364.8 20300.4 6854.26 6064.4 13140.8 3328.08 4300.37 1201.87 928.681 3187.59 7159.67 5652.39
internal_count=112949 92883 80157 61645 20066 18512 40051 10069 12726 3567 2760 9424 21594 16499
is_linear=0
shrinkage=0.05


Tree=23
num_leaves=15
num_cat=0
split_feature=4 4 4 0 4 6 6 4 6 5 4 0 4 1
split_gain=417.888 72.0695 60.4322 33.1646 16.9076 14.6931 11.1876 10.6448 9.68139 9.31684 8.88117 7.83175 8.48726 6.19281
threshold=698.50000000000011 1261.5000000000002 299.50000000000006 1391.2600097656252 2025.5000000000002 26.500000000000004 23.500000000000004 448.50000000000006 4.5000000000000009 142450.00000000003 221.50000000000003 1195.5749511718752 2749.5000000000005 1958.6250000000002
decision_type=2 2 2 2 2 2 2 2 2 2 2 2 2 2
left_child=2 13 5 11 8 10 7 -4 -5 -8 -1 -3 -13 -2
right_child=1 3 6 4 -6 -7 9 -9 -10 -11 -12 12 -14 -15
leaf_value=-0.01483003002967377 0.0013400056514684593 0.017834589904227229 -0.0071679930863009882 0.0022136010705156996 0.010015346945899759 0.0015903024867408866 0.0086146786032797844 -0.0036336557855173933 0.007022200391586843 -0.027591081762424176 -0.010126481105749194 -0.00052383664057092342 0.0069025806888471861 -0.0028858670221985853
leaf_weight=2113.2954473793507 9900.7433826625347 70.033441185951233 3506.7852385640144 1336.1242370307446 4509.2468026578426 190.81259047985077 227.19974827766418 5455.0754648149014 4890.682509958744 19.126520991325378 1934.4053257703781 2021.2307729721069 474.81864535808563 949.40381515026093
leaf_count=6875 29551 208 10908 3913 12866 573 683 16696 14196 60 6116 6065 1389 2850
internal_value=6.12247e-05 0.0039945 -0.00700314 0.0064613 0.00768195 -0.0119444 -0.00472802 -0.00501727 0.00599124 0.00577306 -0.0125837 0.00135225 0.000887093 0.000969752
internal_weight=37599 24152.3 13446.7 13302.1 10736.1 4238.51 9208.19 8961.86 6226.81 246.326 4047.7 2566.08 2496.05 10850.1
internal_count=112949 71038 41911 38637 30975 13564 28347 27604 18109 743 12991 7662 7454 32401
is_linear=0
shrinkage=0.05


Tree=24
num_leaves=15
num_cat=0
split_feature=4 4 4 6 2 4 4 2 4 6 2 4 6 2
split_gain=369.961 88.8024 59.3102 19.1875 18.5931 12.2358 11.7867 9.48837 9.0793 7.46365 6.93952 7.23719 6.25824 5.98846
threshold=634.50000000000011 1595.5000000000002 263.50000000000006 80.500000000000014 1404.7650146484377 149.50000000000003 396.50000000000006 1888.3950195312502 987.50000000000011 12.500000000000002 2054.6149902343755 2304.5000000000005 22.500000000000004 1893.4849853515627
decision_type=2 2 2 2 2 2 2 2 2 2 2 2 2 2
left_child=2 8 3 5 9 -1 -4 -7 13 -3 11 -6 -11 -2
right_child=1 4 6 -5 10 7 -8 -9 -10 12 -12 -13 -14 -15
leaf_value=-0.019225357653317489 0.00084911984901515003 0.020301771723453429 -0.0073107162202009817 0.030828547797414937 0.0073737390413760543 -0.010534516127389376 -0.0035202589782664453 -0.020238812242276 0.0024449718093593098 0.0036227286829690671 -0.005457193972474174 0.010581534779696028 -0.0049091390936344429 -0.0025565157146503308
leaf_weight=676.79342010617256 5805.5938157439232 60.084301829338074 3316.5011341571808 24.729349762201309 3805.6647836565971 2236.4849089682102 5399.0735259354115 285.50621029734612 9094.4815405607224 1469.5330684781075 85.104775935411453 3300.7760061621666 251.21535956859589 1659.6072343587875
leaf_count=2254 17408 175 10406 71 10987 7191 16543 943 26895 4350 249 9388 756 4988
internal_value=0.000157667 0.00355516 -0.00710751 -0.0129031 0.00756126 -0.0132437 -0.00496327 -0.0116358 0.00138424 0.00298281 0.00869426 0.00886452 0.00237403 9.13107e-05
internal_weight=37471.1 25532.1 11939.1 3223.51 8972.38 3198.78 8715.57 2521.99 16559.7 1780.83 7191.55 7106.44 1720.75 7465.2
internal_count=112604 75196 37408 10459 25905 10388 26949 8134 49291 5281 20624 20375 5106 22396
is_linear=0
shrinkage=0.05


Tree=25
num_leaves=15
num_cat=0
split_feature=4 4 4 1 4 2 2 4 2 6 6 6 4 6
split_gain=1431.81 287.201 246.737 91.4135 49.1877 39.8973 40.9169 35.6604 31.5055 28.7112 25.6407 25.312 24.0276 22.6635
threshold=782.50000000000011 1554.5000000000002 384.50000000000006 1406.6049804687502 221.50000000000003 1390.2449951171877 1727.9150390625002 2025.5000000000002 2054.6149902343755 28.500000000000004 14.500000000000002 5.5000000000000009 3913.5000000000005 25.500000000000004
decision_type=2 2 2 2 2 2 2 2 2 2 2 2 2 2
left_child=2 5 4 12 9 10 -7 -5 -9 -1 -2 -8 -3 -6
right_child=1 3 -4 7 13 6 11 8 -10 -11 -12 -13 -14 -15
leaf_value=0.025168439965853742 0.011389716501439209 -0.0040080650452643104 0.0059077875369452429 -0.013868585649081326 0.015869681768265705 -0.010565310435575572 -0.0052181068212672809 -0.021810281326948913 0.012615297596250893 -0.0010421494850239195 -0.00077706656793374948 0.00085090888846915246 -0.026667004051168487 -0.0048518635682902496
leaf_weight=2383.3712077736855 576.2772810459137 1697.8308963179588 9222.0066025257111 2814.1337515413761 4296.6688825190067 2510.0335844159126 5221.9750790894032 3922.3211551904678 67.359961479902267 108.88041481375694 1738.6396774351597 2558.395600259304 125.68659436702728 135.71482962369919
leaf_count=6775 1703 5133 27232 8827 12421 7746 15932 12585 211 324 5163 7764 384 404
internal_value=4.28057e-05 -0.00849072 0.0112646 -0.0155199 0.0183977 -0.00367929 -0.00501362 -0.0181848 -0.0212275 0.0240214 0.00224994 -0.00322182 -0.00557396 0.015234
internal_weight=37379.3 21232.7 16146.6 8627.33 6924.64 12605.3 10290.4 6803.81 3989.68 2492.25 2314.92 7780.37 1823.52 4432.38
internal_count=112604 65448 47156 27140 19924 38308 31442 21623 12796 7099 6866 23696 5517 12825
is_linear=0
shrinkage=0.05


Tree=26
num_leaves=15
num_cat=0
split_feature=4 4 4 1 4 6 4 6 1 6 3 6 1 1
split_gain=385.541 66.4386 56.6476 22.2796 15.8424 13.346 14.0736 8.527 22.1499 8.37212 8.12531 7.50382 12.5613 6.85339
threshold=747.50000000000011 1289.5000000000002 384.50000000000006 1337.7600097656252 2698.5000000000005 26.500000000000004 221.50000000000003 15.500000000000002 1454.5849609375002 4.5000000000000009 1727.1650390625002 23.500000000000004 1427.2199707031252 1198.8950195312502
decision_type=2 2 2 2 2 2 2 2 2 2 2 2 2 2
left_child=2 7 5 13 9 6 -1 8 -2 -5 -10 -4 -13 -3
right_child=1 3 11 4 -6 -7 -8 -9 10 -11 -12 12 -14 -15
leaf_value=-0.014025692733702723 -0.0088068898924737998 0.015249966400218596 -0.0040944923398690469 0.0030240613899085431 0.010677067013024155 0.0010883955460542264 -0.0089182262157037288 0.0035605037511109074 0.0048407157640620426 0.0068825973271816792 0.00013747714064618139 -0.015584008180498302 0.014389856967047254 0.00068033080926709175
leaf_weight=2056.5323086977005 649.57430317997932 84.287510097026825 7959.9160187542439 1786.7089754343033 2398.3699942529202 250.77215564250946 3956.9618762731552 2195.1334739327431 1075.0886344015598 6689.3538176119328 6310.9892125427723 47.637247145175934 129.50788652896881 1887.3935998678207
leaf_count=6722 1992 249 24408 5196 6815 749 12453 6548 3142 19329 18817 150 383 5651
internal_value=-0.000200463 0.00380555 -0.00662009 0.00619979 0.00708654 -0.0101946 -0.0106659 0.000798742 4.36428e-05 0.00606987 0.000822795 -0.00386758 0.00629694 0.00130645
internal_weight=37478.2 23076.9 14401.3 12846.1 10874.4 6264.27 6013.49 10230.8 8035.65 8476.06 7386.08 8137.06 177.145 1971.68
internal_count=112604 67739 44865 37240 31340 19924 19175 30499 23951 24525 21959 24941 533 5900
is_linear=0
shrinkage=0.05


end of trees

feature_importances:
tickvol_x=160
spread_x=73
low_x=38
high_x=37
open_x=36
close_x=28
vol_x=6

parameters:
[boosting: gbdt]
[objective: multiclass]
[metric: multi_logloss]
[tree_learner: serial]
[device_type: cpu]
[data_sample_strategy: bagging]
[data: ]
[valid: ]
[num_iterations: 9]
[learning_rate: 0.05]
[num_leaves: 15]
[num_threads: 2]
[seed: 42]
[deterministic: 0]
[force_col_wise: 0]
[force_row_wise: 0]
[histogram_pool_size: -1]
[max_depth: 5]
[min_data_in_leaf: 50]
[min_sum_hessian_in_leaf: 0.001]
[bagging_fraction: 0.8]
[pos_bagging_fraction: 1]
[neg_bagging_fraction: 1]
[bagging_freq: 1]
[bagging_seed: 400]
[bagging_by_query: 0]
[feature_fraction: 0.8]
[feature_fraction_bynode: 1]
[feature_fraction_seed: 30056]
[extra_trees: 0]
[extra_seed: 12879]
[early_stopping_round: 0]
[early_stopping_min_delta: 0]
[first_metric_only: 0]
[max_delta_step: 0]
[lambda_l1: 0.1]
[lambda_l2: 0.1]
[linear_lambda: 0]
[min_gain_to_split: 0]
[drop_rate: 0.1]
[max_drop: 50]
[skip_drop: 0.5]
[xgboost_dart_mode: 0]
[uniform_drop: 0]
[drop_seed: 17869]
[top_rate: 0.2]
[other_rate: 0.1]
[min_data_per_group: 100]
[max_cat_threshold: 32]
[cat_l2: 10]
[cat_smooth: 10]
[max_cat_to_onehot: 4]
[top_k: 20]
[monotone_constraints: ]
[monotone_constraints_method: basic]
[monotone_penalty: 0]
[feature_contri: ]
[forcedsplits_filename: ]
[refit_decay_rate: 0.9]
[cegb_tradeoff: 1]
[cegb_penalty_split: 0]
[cegb_penalty_feature_lazy: ]
[cegb_penalty_feature_coupled: ]
[path_smooth: 0]
[interaction_constraints: ]
[verbosity: -1]
[saved_feature_importance_type: 0]
[use_quantized_grad: 0]
[num_grad_quant_bins: 4]
[quant_train_renew_leaf: 0]
[stochastic_rounding: 1]
[linear_tree: 0]
[max_bin: 255]
[max_bin_by_feature: ]
[min_data_in_bin: 3]
[bin_construct_sample_cnt: 200000]
[data_random_seed: 175]
[is_enable_sparse: 1]
[enable_bundle: 1]
[use_missing: 1]
[zero_as_missing: 0]
[feature_pre_filter: 1]
[pre_partition: 0]
[two_round: 0]
[header: 0]
[label_column: ]
[weight_column: ]
[group_column: ]
[ignore_column: ]
[categorical_feature: ]
[forcedbins_filename: ]
[precise_float_parser: 0]
[parser_config_file: ]
[objective_seed: 16083]
[num_class: 3]
[is_unbalance: 0]
[scale_pos_weight: 1]
[sigmoid: 1]
[boost_from_average: 1]
[reg_sqrt: 0]
[alpha: 0.9]
[fair_c: 1]
[poisson_max_delta_step: 0.7]
[tweedie_variance_power: 1.5]
[lambdarank_truncation_level: 30]
[lambdarank_norm: 1]
[label_gain: ]
[lambdarank_position_bias_regularization: 0]
[eval_at: ]
[multi_error_top_k: 1]
[auc_mu_weights: ]
[num_machines: 1]
[local_listen_port: 12400]
[time_out: 120]
[machine_list_filename: ]
[machines: ]
[gpu_platform_id: -1]
[gpu_device_id: -1]
[gpu_device_id_list: ]
[gpu_use_dp: 0]
[num_gpu: 1]

end of parameters

pandas_categorical:[]
